# This file was produced by samtools stats (1.10+htslib-1.10) and can be plotted using plot-bamstats
# This file contains statistics for all reads.
# The command line was:  stat -@ 16 /media/mother/VernalBucket/hirundo/bam/RS_1.bam
# CHK, Checksum	[2]Read Names	[3]Sequences	[4]Qualities
# CHK, CRC32 of reads which passed filtering followed by addition (32bit overflow)
CHK	34bb4863	973f82a2	f4243b8f
# Summary Numbers. Use `grep ^SN | cut -f 2-` to extract this part.
SN	raw total sequences:	67071486
SN	filtered sequences:	0
SN	sequences:	67071486
SN	is sorted:	1
SN	1st fragments:	67071486
SN	last fragments:	0
SN	reads mapped:	65562956
SN	reads mapped and paired:	0	# paired-end technology bit set + both mates mapped
SN	reads unmapped:	1508530
SN	reads properly paired:	0	# proper-pair bit set
SN	reads paired:	0	# paired-end technology bit set
SN	reads duplicated:	0	# PCR or optical duplicate bit set
SN	reads MQ0:	5502674	# mapped and MQ=0
SN	reads QC failed:	0
SN	non-primary alignments:	0
SN	total length:	10057979117	# ignores clipping
SN	total first fragment length:	10057979117	# ignores clipping
SN	total last fragment length:	0	# ignores clipping
SN	bases mapped:	9831792357	# ignores clipping
SN	bases mapped (cigar):	9777666029	# more accurate
SN	bases trimmed:	0
SN	bases duplicated:	0
SN	mismatches:	129736402	# from NM fields
SN	error rate:	1.326865e-02	# mismatches / bases mapped (cigar)
SN	average length:	149
SN	average first fragment length:	150
SN	average last fragment length:	0
SN	maximum length:	150
SN	maximum first fragment length:	150
SN	maximum last fragment length:	0
SN	average quality:	36.4
SN	insert size average:	0.0
SN	insert size standard deviation:	0.0
SN	inward oriented pairs:	0
SN	outward oriented pairs:	0
SN	pairs with other orientation:	0
SN	pairs on different chromosomes:	0
SN	percentage of properly paired reads (%):	0.0
# First Fragment Qualities. Use `grep ^FFQ | cut -f 2-` to extract this part.
# Columns correspond to qualities and rows to cycles. First column is the cycle number.
FFQ	1	0	0	0	0	0	0	0	0	0	0	0	0	0	0	0	0	0	0	0	0	0	0	0	0	0	964087	0	0	0	0	0	0	0	0	0	0	0	66107399	0
FFQ	2	0	0	1836	0	0	0	0	0	0	0	0	463709	0	0	0	0	0	0	0	0	0	0	0	0	0	1142620	0	0	0	0	0	0	0	0	0	0	0	65463321	0
FFQ	3	0	0	1286	0	0	0	0	0	0	0	0	359958	0	0	0	0	0	0	0	0	0	0	0	0	0	1006215	0	0	0	0	0	0	0	0	0	0	0	65704027	0
FFQ	4	0	0	0	0	0	0	0	0	0	0	0	383261	0	0	0	0	0	0	0	0	0	0	0	0	0	1085073	0	0	0	0	0	0	0	0	0	0	0	65603152	0
FFQ	5	0	0	0	0	0	0	0	0	0	0	0	303524	0	0	0	0	0	0	0	0	0	0	0	0	0	1060964	0	0	0	0	0	0	0	0	0	0	0	65706998	0
FFQ	6	0	0	7	0	0	0	0	0	0	0	0	248020	0	0	0	0	0	0	0	0	0	0	0	0	0	943139	0	0	0	0	0	0	0	0	0	0	0	65880320	0
FFQ	7	0	0	0	0	0	0	0	0	0	0	0	279789	0	0	0	0	0	0	0	0	0	0	0	0	0	1000631	0	0	0	0	0	0	0	0	0	0	0	65791066	0
FFQ	8	0	0	0	0	0	0	0	0	0	0	0	280631	0	0	0	0	0	0	0	0	0	0	0	0	0	1039882	0	0	0	0	0	0	0	0	0	0	0	65750973	0
FFQ	9	0	0	0	0	0	0	0	0	0	0	0	266493	0	0	0	0	0	0	0	0	0	0	0	0	0	867139	0	0	0	0	0	0	0	0	0	0	0	65937854	0
FFQ	10	0	0	0	0	0	0	0	0	0	0	0	316045	0	0	0	0	0	0	0	0	0	0	0	0	0	1133481	0	0	0	0	0	0	0	0	0	0	0	65621960	0
FFQ	11	0	0	0	0	0	0	0	0	0	0	0	282758	0	0	0	0	0	0	0	0	0	0	0	0	0	970964	0	0	0	0	0	0	0	0	0	0	0	65817764	0
FFQ	12	0	0	0	0	0	0	0	0	0	0	0	317133	0	0	0	0	0	0	0	0	0	0	0	0	0	1103765	0	0	0	0	0	0	0	0	0	0	0	65650588	0
FFQ	13	0	0	0	0	0	0	0	0	0	0	0	286978	0	0	0	0	0	0	0	0	0	0	0	0	0	981759	0	0	0	0	0	0	0	0	0	0	0	65802749	0
FFQ	14	0	0	0	0	0	0	0	0	0	0	0	299014	0	0	0	0	0	0	0	0	0	0	0	0	0	1026420	0	0	0	0	0	0	0	0	0	0	0	65746052	0
FFQ	15	0	0	0	0	0	0	0	0	0	0	0	303787	0	0	0	0	0	0	0	0	0	0	0	0	0	1078059	0	0	0	0	0	0	0	0	0	0	0	65689640	0
FFQ	16	0	0	0	0	0	0	0	0	0	0	0	315791	0	0	0	0	0	0	0	0	0	0	0	0	0	1126450	0	0	0	0	0	0	0	0	0	0	0	65629245	0
FFQ	17	0	0	2	0	0	0	0	0	0	0	0	337863	0	0	0	0	0	0	0	0	0	0	0	0	0	1192442	0	0	0	0	0	0	0	0	0	0	0	65541179	0
FFQ	18	0	0	410	0	0	0	0	0	0	0	0	340999	0	0	0	0	0	0	0	0	0	0	0	0	0	1204530	0	0	0	0	0	0	0	0	0	0	0	65525547	0
FFQ	19	0	0	0	0	0	0	0	0	0	0	0	336025	0	0	0	0	0	0	0	0	0	0	0	0	0	1188891	0	0	0	0	0	0	0	0	0	0	0	65546570	0
FFQ	20	0	0	0	0	0	0	0	0	0	0	0	327108	0	0	0	0	0	0	0	0	0	0	0	0	0	1165345	0	0	0	0	0	0	0	0	0	0	0	65579033	0
FFQ	21	0	0	0	0	0	0	0	0	0	0	0	342476	0	0	0	0	0	0	0	0	0	0	0	0	0	1203304	0	0	0	0	0	0	0	0	0	0	0	65525706	0
FFQ	22	0	0	0	0	0	0	0	0	0	0	0	334495	0	0	0	0	0	0	0	0	0	0	0	0	0	1191890	0	0	0	0	0	0	0	0	0	0	0	65545101	0
FFQ	23	0	0	0	0	0	0	0	0	0	0	0	333943	0	0	0	0	0	0	0	0	0	0	0	0	0	1192099	0	0	0	0	0	0	0	0	0	0	0	65545444	0
FFQ	24	0	0	0	0	0	0	0	0	0	0	0	349007	0	0	0	0	0	0	0	0	0	0	0	0	0	1217621	0	0	0	0	0	0	0	0	0	0	0	65504858	0
FFQ	25	0	0	0	0	0	0	0	0	0	0	0	361904	0	0	0	0	0	0	0	0	0	0	0	0	0	1245368	0	0	0	0	0	0	0	0	0	0	0	65464214	0
FFQ	26	0	0	0	0	0	0	0	0	0	0	0	378432	0	0	0	0	0	0	0	0	0	0	0	0	0	1250877	0	0	0	0	0	0	0	0	0	0	0	65442177	0
FFQ	27	0	0	0	0	0	0	0	0	0	0	0	380973	0	0	0	0	0	0	0	0	0	0	0	0	0	1261329	0	0	0	0	0	0	0	0	0	0	0	65429184	0
FFQ	28	0	0	0	0	0	0	0	0	0	0	0	376209	0	0	0	0	0	0	0	0	0	0	0	0	0	1256801	0	0	0	0	0	0	0	0	0	0	0	65438476	0
FFQ	29	0	0	0	0	0	0	0	0	0	0	0	385049	0	0	0	0	0	0	0	0	0	0	0	0	0	1271813	0	0	0	0	0	0	0	0	0	0	0	65414624	0
FFQ	30	0	0	0	0	0	0	0	0	0	0	0	387671	0	0	0	0	0	0	0	0	0	0	0	0	0	1276021	0	0	0	0	0	0	0	0	0	0	0	65407794	0
FFQ	31	0	0	0	0	0	0	0	0	0	0	0	387764	0	0	0	0	0	0	0	0	0	0	0	0	0	1276019	0	0	0	0	0	0	0	0	0	0	0	65407703	0
FFQ	32	0	0	0	0	0	0	0	0	0	0	0	396140	0	0	0	0	0	0	0	0	0	0	0	0	0	1298653	0	0	0	0	0	0	0	0	0	0	0	65376693	0
FFQ	33	0	0	0	0	0	0	0	0	0	0	0	396335	0	0	0	0	0	0	0	0	0	0	0	0	0	1298468	0	0	0	0	0	0	0	0	0	0	0	65376682	0
FFQ	34	0	0	0	0	0	0	0	0	0	0	0	397346	0	0	0	0	0	0	0	0	0	0	0	0	0	1306631	0	0	0	0	0	0	0	0	0	0	0	65367507	0
FFQ	35	0	0	0	0	0	0	0	0	0	0	0	402304	0	0	0	0	0	0	0	0	0	0	0	0	0	1306796	0	0	0	0	0	0	0	0	0	0	0	65362383	0
FFQ	36	0	0	0	0	0	0	0	0	0	0	0	413009	0	0	0	0	0	0	0	0	0	0	0	0	0	1332900	0	0	0	0	0	0	0	0	0	0	0	65325572	0
FFQ	37	0	0	0	0	0	0	0	0	0	0	0	419255	0	0	0	0	0	0	0	0	0	0	0	0	0	1345346	0	0	0	0	0	0	0	0	0	0	0	65306879	0
FFQ	38	0	0	0	0	0	0	0	0	0	0	0	440839	0	0	0	0	0	0	0	0	0	0	0	0	0	1388688	0	0	0	0	0	0	0	0	0	0	0	65241953	0
FFQ	39	0	0	0	0	0	0	0	0	0	0	0	430330	0	0	0	0	0	0	0	0	0	0	0	0	0	1365132	0	0	0	0	0	0	0	0	0	0	0	65276016	0
FFQ	40	0	0	0	0	0	0	0	0	0	0	0	435821	0	0	0	0	0	0	0	0	0	0	0	0	0	1376029	0	0	0	0	0	0	0	0	0	0	0	65259627	0
FFQ	41	0	0	2	0	0	0	0	0	0	0	0	454722	0	0	0	0	0	0	0	0	0	0	0	0	0	1428794	0	0	0	0	0	0	0	0	0	0	0	65187959	0
FFQ	42	0	0	35	0	0	0	0	0	0	0	0	461358	0	0	0	0	0	0	0	0	0	0	0	0	0	1441030	0	0	0	0	0	0	0	0	0	0	0	65169053	0
FFQ	43	0	0	389	0	0	0	0	0	0	0	0	491672	0	0	0	0	0	0	0	0	0	0	0	0	0	1504461	0	0	0	0	0	0	0	0	0	0	0	65074954	0
FFQ	44	0	0	0	0	0	0	0	0	0	0	0	479389	0	0	0	0	0	0	0	0	0	0	0	0	0	1479956	0	0	0	0	0	0	0	0	0	0	0	65112130	0
FFQ	45	0	0	0	0	0	0	0	0	0	0	0	480761	0	0	0	0	0	0	0	0	0	0	0	0	0	1482518	0	0	0	0	0	0	0	0	0	0	0	65108193	0
FFQ	46	0	0	0	0	0	0	0	0	0	0	0	486668	0	0	0	0	0	0	0	0	0	0	0	0	0	1489489	0	0	0	0	0	0	0	0	0	0	0	65095315	0
FFQ	47	0	0	0	0	0	0	0	0	0	0	0	471725	0	0	0	0	0	0	0	0	0	0	0	0	0	1461352	0	0	0	0	0	0	0	0	0	0	0	65138393	0
FFQ	48	0	0	0	0	0	0	0	0	0	0	0	460970	0	0	0	0	0	0	0	0	0	0	0	0	0	1436433	0	0	0	0	0	0	0	0	0	0	0	65174063	0
FFQ	49	0	0	0	0	0	0	0	0	0	0	0	461000	0	0	0	0	0	0	0	0	0	0	0	0	0	1433917	0	0	0	0	0	0	0	0	0	0	0	65176547	0
FFQ	50	0	0	0	0	0	0	0	0	0	0	0	479116	0	0	0	0	0	0	0	0	0	0	0	0	0	1475612	0	0	0	0	0	0	0	0	0	0	0	65116736	0
FFQ	51	0	0	0	0	0	0	0	0	0	0	0	471941	0	0	0	0	0	0	0	0	0	0	0	0	0	1460969	0	0	0	0	0	0	0	0	0	0	0	65138554	0
FFQ	52	0	0	0	0	0	0	0	0	0	0	0	471747	0	0	0	0	0	0	0	0	0	0	0	0	0	1458327	0	0	0	0	0	0	0	0	0	0	0	65141390	0
FFQ	53	0	0	0	0	0	0	0	0	0	0	0	477747	0	0	0	0	0	0	0	0	0	0	0	0	0	1468298	0	0	0	0	0	0	0	0	0	0	0	65125419	0
FFQ	54	0	0	0	0	0	0	0	0	0	0	0	478264	0	0	0	0	0	0	0	0	0	0	0	0	0	1474187	0	0	0	0	0	0	0	0	0	0	0	65119008	0
FFQ	55	0	0	0	0	0	0	0	0	0	0	0	508366	0	0	0	0	0	0	0	0	0	0	0	0	0	1539855	0	0	0	0	0	0	0	0	0	0	0	65023237	0
FFQ	56	0	0	0	0	0	0	0	0	0	0	0	529801	0	0	0	0	0	0	0	0	0	0	0	0	0	1571734	0	0	0	0	0	0	0	0	0	0	0	64969922	0
FFQ	57	0	0	0	0	0	0	0	0	0	0	0	524463	0	0	0	0	0	0	0	0	0	0	0	0	0	1566860	0	0	0	0	0	0	0	0	0	0	0	64980130	0
FFQ	58	0	0	0	0	0	0	0	0	0	0	0	507509	0	0	0	0	0	0	0	0	0	0	0	0	0	1534724	0	0	0	0	0	0	0	0	0	0	0	65029220	0
FFQ	59	0	0	0	0	0	0	0	0	0	0	0	497372	0	0	0	0	0	0	0	0	0	0	0	0	0	1504272	0	0	0	0	0	0	0	0	0	0	0	65069809	0
FFQ	60	0	0	0	0	0	0	0	0	0	0	0	508364	0	0	0	0	0	0	0	0	0	0	0	0	0	1529733	0	0	0	0	0	0	0	0	0	0	0	65033355	0
FFQ	61	0	0	0	0	0	0	0	0	0	0	0	553234	0	0	0	0	0	0	0	0	0	0	0	0	0	1626747	0	0	0	0	0	0	0	0	0	0	0	64891471	0
FFQ	62	0	0	0	0	0	0	0	0	0	0	0	552939	0	0	0	0	0	0	0	0	0	0	0	0	0	1620731	0	0	0	0	0	0	0	0	0	0	0	64897781	0
FFQ	63	0	0	0	0	0	0	0	0	0	0	0	540787	0	0	0	0	0	0	0	0	0	0	0	0	0	1600039	0	0	0	0	0	0	0	0	0	0	0	64930624	0
FFQ	64	0	0	0	0	0	0	0	0	0	0	0	575473	0	0	0	0	0	0	0	0	0	0	0	0	0	1670876	0	0	0	0	0	0	0	0	0	0	0	64825099	0
FFQ	65	0	0	19	0	0	0	0	0	0	0	0	596519	0	0	0	0	0	0	0	0	0	0	0	0	0	1709120	0	0	0	0	0	0	0	0	0	0	0	64765790	0
FFQ	66	0	0	104	0	0	0	0	0	0	0	0	590555	0	0	0	0	0	0	0	0	0	0	0	0	0	1700321	0	0	0	0	0	0	0	0	0	0	0	64780468	0
FFQ	67	0	0	688	0	0	0	0	0	0	0	0	601172	0	0	0	0	0	0	0	0	0	0	0	0	0	1706421	0	0	0	0	0	0	0	0	0	0	0	64763164	0
FFQ	68	0	0	0	0	0	0	0	0	0	0	0	586139	0	0	0	0	0	0	0	0	0	0	0	0	0	1684425	0	0	0	0	0	0	0	0	0	0	0	64800880	0
FFQ	69	0	0	0	0	0	0	0	0	0	0	0	599594	0	0	0	0	0	0	0	0	0	0	0	0	0	1706415	0	0	0	0	0	0	0	0	0	0	0	64765433	0
FFQ	70	0	0	9	0	0	0	0	0	0	0	0	594468	0	0	0	0	0	0	0	0	0	0	0	0	0	1701434	0	0	0	0	0	0	0	0	0	0	0	64775530	0
FFQ	71	0	0	0	0	0	0	0	0	0	0	0	646296	0	0	0	0	0	0	0	0	0	0	0	0	0	1801975	0	0	0	0	0	0	0	0	0	0	0	64623168	0
FFQ	72	0	0	0	0	0	0	0	0	0	0	0	626659	0	0	0	0	0	0	0	0	0	0	0	0	0	1761380	0	0	0	0	0	0	0	0	0	0	0	64683398	0
FFQ	73	0	0	0	0	0	0	0	0	0	0	0	611366	0	0	0	0	0	0	0	0	0	0	0	0	0	1727627	0	0	0	0	0	0	0	0	0	0	0	64732441	0
FFQ	74	0	0	0	0	0	0	0	0	0	0	0	631021	0	0	0	0	0	0	0	0	0	0	0	0	0	1766008	0	0	0	0	0	0	0	0	0	0	0	64674403	0
FFQ	75	0	0	0	0	0	0	0	0	0	0	0	656402	0	0	0	0	0	0	0	0	0	0	0	0	0	1816073	0	0	0	0	0	0	0	0	0	0	0	64598955	0
FFQ	76	0	0	0	0	0	0	0	0	0	0	0	631600	0	0	0	0	0	0	0	0	0	0	0	0	0	1761634	0	0	0	0	0	0	0	0	0	0	0	64678194	0
FFQ	77	0	0	0	0	0	0	0	0	0	0	0	652804	0	0	0	0	0	0	0	0	0	0	0	0	0	1786969	0	0	0	0	0	0	0	0	0	0	0	64631653	0
FFQ	78	0	0	0	0	0	0	0	0	0	0	0	634895	0	0	0	0	0	0	0	0	0	0	0	0	0	1765035	0	0	0	0	0	0	0	0	0	0	0	64671492	0
FFQ	79	0	0	0	0	0	0	0	0	0	0	0	687480	0	0	0	0	0	0	0	0	0	0	0	0	0	1866318	0	0	0	0	0	0	0	0	0	0	0	64517622	0
FFQ	80	0	0	0	0	0	0	0	0	0	0	0	714486	0	0	0	0	0	0	0	0	0	0	0	0	0	1925805	0	0	0	0	0	0	0	0	0	0	0	64431123	0
FFQ	81	0	0	0	0	0	0	0	0	0	0	0	685599	0	0	0	0	0	0	0	0	0	0	0	0	0	1862935	0	0	0	0	0	0	0	0	0	0	0	64522876	0
FFQ	82	0	0	0	0	0	0	0	0	0	0	0	688587	0	0	0	0	0	0	0	0	0	0	0	0	0	1856400	0	0	0	0	0	0	0	0	0	0	0	64526420	0
FFQ	83	0	0	0	0	0	0	0	0	0	0	0	699576	0	0	0	0	0	0	0	0	0	0	0	0	0	1885228	0	0	0	0	0	0	0	0	0	0	0	64486598	0
FFQ	84	0	0	2	0	0	0	0	0	0	0	0	749356	0	0	0	0	0	0	0	0	0	0	0	0	0	1972386	0	0	0	0	0	0	0	0	0	0	0	64349656	0
FFQ	85	0	0	0	0	0	0	0	0	0	0	0	697280	0	0	0	0	0	0	0	0	0	0	0	0	0	1875057	0	0	0	0	0	0	0	0	0	0	0	64499057	0
FFQ	86	0	0	0	0	0	0	0	0	0	0	0	672474	0	0	0	0	0	0	0	0	0	0	0	0	0	1821425	0	0	0	0	0	0	0	0	0	0	0	64577492	0
FFQ	87	0	0	0	0	0	0	0	0	0	0	0	698108	0	0	0	0	0	0	0	0	0	0	0	0	0	1860546	0	0	0	0	0	0	0	0	0	0	0	64512735	0
FFQ	88	0	0	0	0	0	0	0	0	0	0	0	711960	0	0	0	0	0	0	0	0	0	0	0	0	0	1895576	0	0	0	0	0	0	0	0	0	0	0	64463849	0
FFQ	89	0	0	13	0	0	0	0	0	0	0	0	736463	0	0	0	0	0	0	0	0	0	0	0	0	0	1933466	0	0	0	0	0	0	0	0	0	0	0	64401440	0
FFQ	90	0	0	10	0	0	0	0	0	0	0	0	730865	0	0	0	0	0	0	0	0	0	0	0	0	0	1921944	0	0	0	0	0	0	0	0	0	0	0	64418560	0
FFQ	91	0	0	10	0	0	0	0	0	0	0	0	759425	0	0	0	0	0	0	0	0	0	0	0	0	0	1972410	0	0	0	0	0	0	0	0	0	0	0	64339529	0
FFQ	92	0	0	144	0	0	0	0	0	0	0	0	810342	0	0	0	0	0	0	0	0	0	0	0	0	0	2058708	0	0	0	0	0	0	0	0	0	0	0	64202174	0
FFQ	93	0	0	40	0	0	0	0	0	0	0	0	827489	0	0	0	0	0	0	0	0	0	0	0	0	0	2091403	0	0	0	0	0	0	0	0	0	0	0	64152434	0
FFQ	94	0	0	0	0	0	0	0	0	0	0	0	820548	0	0	0	0	0	0	0	0	0	0	0	0	0	2074474	0	0	0	0	0	0	0	0	0	0	0	64176339	0
FFQ	95	0	0	0	0	0	0	0	0	0	0	0	836589	0	0	0	0	0	0	0	0	0	0	0	0	0	2107392	0	0	0	0	0	0	0	0	0	0	0	64127376	0
FFQ	96	0	0	0	0	0	0	0	0	0	0	0	803513	0	0	0	0	0	0	0	0	0	0	0	0	0	2033952	0	0	0	0	0	0	0	0	0	0	0	64233890	0
FFQ	97	0	0	0	0	0	0	0	0	0	0	0	751358	0	0	0	0	0	0	0	0	0	0	0	0	0	1933759	0	0	0	0	0	0	0	0	0	0	0	64386231	0
FFQ	98	0	0	0	0	0	0	0	0	0	0	0	775212	0	0	0	0	0	0	0	0	0	0	0	0	0	1966904	0	0	0	0	0	0	0	0	0	0	0	64329225	0
FFQ	99	0	0	0	0	0	0	0	0	0	0	0	810042	0	0	0	0	0	0	0	0	0	0	0	0	0	2031211	0	0	0	0	0	0	0	0	0	0	0	64230077	0
FFQ	100	0	0	0	0	0	0	0	0	0	0	0	840095	0	0	0	0	0	0	0	0	0	0	0	0	0	2079106	0	0	0	0	0	0	0	0	0	0	0	64152124	0
FFQ	101	0	0	0	0	0	0	0	0	0	0	0	841303	0	0	0	0	0	0	0	0	0	0	0	0	0	2077463	0	0	0	0	0	0	0	0	0	0	0	64152548	0
FFQ	102	0	0	0	0	0	0	0	0	0	0	0	880871	0	0	0	0	0	0	0	0	0	0	0	0	0	2148716	0	0	0	0	0	0	0	0	0	0	0	64041713	0
FFQ	103	0	0	0	0	0	0	0	0	0	0	0	859930	0	0	0	0	0	0	0	0	0	0	0	0	0	2097957	0	0	0	0	0	0	0	0	0	0	0	64113403	0
FFQ	104	0	0	0	0	0	0	0	0	0	0	0	866033	0	0	0	0	0	0	0	0	0	0	0	0	0	2111245	0	0	0	0	0	0	0	0	0	0	0	64093995	0
FFQ	105	0	0	0	0	0	0	0	0	0	0	0	967756	0	0	0	0	0	0	0	0	0	0	0	0	0	2284858	0	0	0	0	0	0	0	0	0	0	0	63818644	0
FFQ	106	0	0	0	0	0	0	0	0	0	0	0	1019337	0	0	0	0	0	0	0	0	0	0	0	0	0	2378464	0	0	0	0	0	0	0	0	0	0	0	63673446	0
FFQ	107	0	0	0	0	0	0	0	0	0	0	0	947004	0	0	0	0	0	0	0	0	0	0	0	0	0	2237752	0	0	0	0	0	0	0	0	0	0	0	63886468	0
FFQ	108	0	0	0	0	0	0	0	0	0	0	0	916920	0	0	0	0	0	0	0	0	0	0	0	0	0	2185409	0	0	0	0	0	0	0	0	0	0	0	63968885	0
FFQ	109	0	0	0	0	0	0	0	0	0	0	0	970999	0	0	0	0	0	0	0	0	0	0	0	0	0	2271147	0	0	0	0	0	0	0	0	0	0	0	63829055	0
FFQ	110	0	0	0	0	0	0	0	0	0	0	0	941831	0	0	0	0	0	0	0	0	0	0	0	0	0	2218604	0	0	0	0	0	0	0	0	0	0	0	63910753	0
FFQ	111	0	0	0	0	0	0	0	0	0	0	0	975426	0	0	0	0	0	0	0	0	0	0	0	0	0	2269357	0	0	0	0	0	0	0	0	0	0	0	63826388	0
FFQ	112	0	0	0	0	0	0	0	0	0	0	0	987993	0	0	0	0	0	0	0	0	0	0	0	0	0	2286653	0	0	0	0	0	0	0	0	0	0	0	63796499	0
FFQ	113	0	0	0	0	0	0	0	0	0	0	0	1030068	0	0	0	0	0	0	0	0	0	0	0	0	0	2348577	0	0	0	0	0	0	0	0	0	0	0	63692482	0
FFQ	114	0	0	1	0	0	0	0	0	0	0	0	1107062	0	0	0	0	0	0	0	0	0	0	0	0	0	2483281	0	0	0	0	0	0	0	0	0	0	0	63480761	0
FFQ	115	0	0	113	0	0	0	0	0	0	0	0	1112816	0	0	0	0	0	0	0	0	0	0	0	0	0	2484918	0	0	0	0	0	0	0	0	0	0	0	63473232	0
FFQ	116	0	0	88	0	0	0	0	0	0	0	0	1139398	0	0	0	0	0	0	0	0	0	0	0	0	0	2539634	0	0	0	0	0	0	0	0	0	0	0	63391925	0
FFQ	117	0	0	642	0	0	0	0	0	0	0	0	1236479	0	0	0	0	0	0	0	0	0	0	0	0	0	2692406	0	0	0	0	0	0	0	0	0	0	0	63141492	0
FFQ	118	0	0	31	0	0	0	0	0	0	0	0	1092854	0	0	0	0	0	0	0	0	0	0	0	0	0	2429856	0	0	0	0	0	0	0	0	0	0	0	63548243	0
FFQ	119	0	0	10	0	0	0	0	0	0	0	0	1107075	0	0	0	0	0	0	0	0	0	0	0	0	0	2462992	0	0	0	0	0	0	0	0	0	0	0	63500877	0
FFQ	120	0	0	0	0	0	0	0	0	0	0	0	1160656	0	0	0	0	0	0	0	0	0	0	0	0	0	2544407	0	0	0	0	0	0	0	0	0	0	0	63365851	0
FFQ	121	0	0	0	0	0	0	0	0	0	0	0	1096899	0	0	0	0	0	0	0	0	0	0	0	0	0	2422658	0	0	0	0	0	0	0	0	0	0	0	63551310	0
FFQ	122	0	0	0	0	0	0	0	0	0	0	0	1169722	0	0	0	0	0	0	0	0	0	0	0	0	0	2541773	0	0	0	0	0	0	0	0	0	0	0	63359319	0
FFQ	123	0	0	0	0	0	0	0	0	0	0	0	1147954	0	0	0	0	0	0	0	0	0	0	0	0	0	2495188	0	0	0	0	0	0	0	0	0	0	0	63427611	0
FFQ	124	0	0	0	0	0	0	0	0	0	0	0	1186814	0	0	0	0	0	0	0	0	0	0	0	0	0	2560500	0	0	0	0	0	0	0	0	0	0	0	63323389	0
FFQ	125	0	0	2	0	0	0	0	0	0	0	0	1232351	0	0	0	0	0	0	0	0	0	0	0	0	0	2636024	0	0	0	0	0	0	0	0	0	0	0	63202267	0
FFQ	126	0	0	0	0	0	0	0	0	0	0	0	1204065	0	0	0	0	0	0	0	0	0	0	0	0	0	2587855	0	0	0	0	0	0	0	0	0	0	0	63278656	0
FFQ	127	0	0	0	0	0	0	0	0	0	0	0	1209375	0	0	0	0	0	0	0	0	0	0	0	0	0	2590006	0	0	0	0	0	0	0	0	0	0	0	63271107	0
FFQ	128	0	0	0	0	0	0	0	0	0	0	0	1283939	0	0	0	0	0	0	0	0	0	0	0	0	0	2711161	0	0	0	0	0	0	0	0	0	0	0	63075293	0
FFQ	129	0	0	0	0	0	0	0	0	0	0	0	1379356	0	0	0	0	0	0	0	0	0	0	0	0	0	2859561	0	0	0	0	0	0	0	0	0	0	0	62831368	0
FFQ	130	0	0	0	0	0	0	0	0	0	0	0	1328820	0	0	0	0	0	0	0	0	0	0	0	0	0	2768642	0	0	0	0	0	0	0	0	0	0	0	62972719	0
FFQ	131	0	0	0	0	0	0	0	0	0	0	0	1235790	0	0	0	0	0	0	0	0	0	0	0	0	0	2600044	0	0	0	0	0	0	0	0	0	0	0	63234199	0
FFQ	132	0	0	0	0	0	0	0	0	0	0	0	1245681	0	0	0	0	0	0	0	0	0	0	0	0	0	2625473	0	0	0	0	0	0	0	0	0	0	0	63198700	0
FFQ	133	0	0	0	0	0	0	0	0	0	0	0	1328657	0	0	0	0	0	0	0	0	0	0	0	0	0	2739649	0	0	0	0	0	0	0	0	0	0	0	63001346	0
FFQ	134	0	0	0	0	0	0	0	0	0	0	0	1352229	0	0	0	0	0	0	0	0	0	0	0	0	0	2788970	0	0	0	0	0	0	0	0	0	0	0	62928227	0
FFQ	135	0	0	0	0	0	0	0	0	0	0	0	1304023	0	0	0	0	0	0	0	0	0	0	0	0	0	2688189	0	0	0	0	0	0	0	0	0	0	0	63076937	0
FFQ	136	0	0	0	0	0	0	0	0	0	0	0	1298462	0	0	0	0	0	0	0	0	0	0	0	0	0	2678336	0	0	0	0	0	0	0	0	0	0	0	63091976	0
FFQ	137	0	0	0	0	0	0	0	0	0	0	0	1497386	0	0	0	0	0	0	0	0	0	0	0	0	0	2991817	0	0	0	0	0	0	0	0	0	0	0	62579110	0
FFQ	138	0	0	7	0	0	0	0	0	0	0	0	1556057	0	0	0	0	0	0	0	0	0	0	0	0	0	3072967	0	0	0	0	0	0	0	0	0	0	0	62438729	0
FFQ	139	0	0	211	0	0	0	0	0	0	0	0	1591898	0	0	0	0	0	0	0	0	0	0	0	0	0	3142025	0	0	0	0	0	0	0	0	0	0	0	62332845	0
FFQ	140	0	0	21	0	0	0	0	0	0	0	0	1575753	0	0	0	0	0	0	0	0	0	0	0	0	0	3110326	0	0	0	0	0	0	0	0	0	0	0	62379830	0
FFQ	141	0	0	331	0	0	0	0	0	0	0	0	1462514	0	0	0	0	0	0	0	0	0	0	0	0	0	2916684	0	0	0	0	0	0	0	0	0	0	0	62684950	0
FFQ	142	0	0	403	0	0	0	0	0	0	0	0	1402674	0	0	0	0	0	0	0	0	0	0	0	0	0	2812693	0	0	0	0	0	0	0	0	0	0	0	62846688	0
FFQ	143	0	0	311	0	0	0	0	0	0	0	0	1518904	0	0	0	0	0	0	0	0	0	0	0	0	0	3015950	0	0	0	0	0	0	0	0	0	0	0	62524229	0
FFQ	144	0	0	53	0	0	0	0	0	0	0	0	1642726	0	0	0	0	0	0	0	0	0	0	0	0	0	3202877	0	0	0	0	0	0	0	0	0	0	0	62208934	0
FFQ	145	0	0	0	0	0	0	0	0	0	0	0	1657904	0	0	0	0	0	0	0	0	0	0	0	0	0	3216506	0	0	0	0	0	0	0	0	0	0	0	62172259	0
FFQ	146	0	0	1	0	0	0	0	0	0	0	0	1577663	0	0	0	0	0	0	0	0	0	0	0	0	0	3111224	0	0	0	0	0	0	0	0	0	0	0	62343439	0
FFQ	147	0	0	1	0	0	0	0	0	0	0	0	1428955	0	0	0	0	0	0	0	0	0	0	0	0	0	2938681	0	0	0	0	0	0	0	0	0	0	0	62636500	0
FFQ	148	0	0	0	0	0	0	0	0	0	0	0	1452977	0	0	0	0	0	0	0	0	0	0	0	0	0	3074337	0	0	0	0	0	0	0	0	0	0	0	62406153	0
FFQ	149	0	0	0	0	0	0	0	0	0	0	0	1277679	0	0	0	0	0	0	0	0	0	0	0	0	0	3100767	0	0	0	0	0	0	0	0	0	0	0	62302907	0
FFQ	150	0	0	0	0	0	0	0	0	0	0	0	0	0	0	0	0	0	0	0	0	0	0	0	0	0	3021937	0	0	0	0	0	0	0	0	0	0	0	62058776	0
# Last Fragment Qualities. Use `grep ^LFQ | cut -f 2-` to extract this part.
# Columns correspond to qualities and rows to cycles. First column is the cycle number.
# GC Content of first fragments. Use `grep ^GCF | cut -f 2-` to extract this part.
GCF	0.25	3
GCF	0.75	4
GCF	1.26	2
GCF	1.76	6
GCF	2.26	7
GCF	2.76	5
GCF	3.27	4
GCF	3.77	8
GCF	4.27	6
GCF	5.03	13
GCF	6.03	12
GCF	6.78	32
GCF	7.29	38
GCF	7.79	52
GCF	8.29	56
GCF	8.79	65
GCF	9.30	64
GCF	9.80	104
GCF	10.30	111
GCF	10.80	137
GCF	11.31	163
GCF	11.81	176
GCF	12.31	194
GCF	12.81	227
GCF	13.32	269
GCF	13.82	358
GCF	14.32	420
GCF	14.82	529
GCF	15.33	679
GCF	15.83	858
GCF	16.33	919
GCF	16.83	1359
GCF	17.34	1491
GCF	17.84	1811
GCF	18.34	1933
GCF	18.84	2560
GCF	19.35	3312
GCF	19.85	4202
GCF	20.35	4548
GCF	20.85	6270
GCF	21.36	8530
GCF	21.86	11802
GCF	22.36	12325
GCF	22.86	17631
GCF	23.37	25269
GCF	23.87	35761
GCF	24.37	36977
GCF	24.87	53111
GCF	25.38	76523
GCF	25.88	106746
GCF	26.38	108458
GCF	26.88	152802
GCF	27.39	211943
GCF	27.89	284762
GCF	28.39	287881
GCF	28.89	381287
GCF	29.40	491304
GCF	29.90	614616
GCF	30.40	618298
GCF	30.90	752265
GCF	31.41	896880
GCF	31.91	1044116
GCF	32.41	1047830
GCF	32.91	1195534
GCF	33.42	1335665
GCF	33.92	1471615
GCF	34.42	1597698
GCF	34.92	1599887
GCF	35.43	1713726
GCF	35.93	1814419
GCF	36.43	1890592
GCF	36.93	1890658
GCF	37.44	1956718
GCF	37.94	1996978
GCF	38.44	2014707
GCF	38.94	2013601
GCF	39.45	2011677
GCF	39.95	2007980
GCF	40.45	1980080
GCF	40.95	1979048
GCF	41.46	1950278
GCF	41.96	1903577
GCF	42.46	1857812
GCF	42.96	1856902
GCF	43.47	1807533
GCF	43.97	1757334
GCF	44.47	1719651
GCF	44.97	1720184
GCF	45.48	1697834
GCF	45.98	1679955
GCF	46.48	1649631
GCF	46.98	1648875
GCF	47.49	1574822
GCF	47.99	1479437
GCF	48.49	1401355
GCF	48.99	1400373
GCF	49.50	1345894
GCF	50.00	1294512
GCF	50.50	1247724
GCF	51.01	1247365
GCF	51.51	1219418
GCF	52.01	1162177
GCF	52.51	1112924
GCF	53.02	1111226
GCF	53.52	1042906
GCF	54.02	951012
GCF	54.52	849840
GCF	55.03	847264
GCF	55.53	777895
GCF	56.03	713107
GCF	56.53	654201
GCF	57.04	653077
GCF	57.54	594331
GCF	58.04	546493
GCF	58.54	501921
GCF	59.05	500850
GCF	59.55	460772
GCF	60.05	423935
GCF	60.55	389669
GCF	61.06	388935
GCF	61.56	358366
GCF	62.06	329512
GCF	62.56	297711
GCF	63.07	296807
GCF	63.57	268089
GCF	64.07	235306
GCF	64.57	205703
GCF	65.08	204991
GCF	65.58	183408
GCF	66.08	164814
GCF	66.58	147302
GCF	67.09	129505
GCF	67.59	128984
GCF	68.09	112568
GCF	68.59	95190
GCF	69.10	82843
GCF	69.60	82492
GCF	70.10	72118
GCF	70.60	62933
GCF	71.11	55072
GCF	71.61	54794
GCF	72.11	48035
GCF	72.61	42042
GCF	73.12	35861
GCF	73.62	35549
GCF	74.12	30525
GCF	74.62	27156
GCF	75.13	23046
GCF	75.63	22844
GCF	76.13	20050
GCF	76.63	17441
GCF	77.14	15034
GCF	77.64	14921
GCF	78.14	13214
GCF	78.64	11171
GCF	79.15	9693
GCF	79.65	9679
GCF	80.15	8564
GCF	80.65	7622
GCF	81.16	6794
GCF	81.66	6802
GCF	82.16	5896
GCF	82.66	4801
GCF	83.17	4574
GCF	83.67	4591
GCF	84.17	3807
GCF	84.67	2987
GCF	85.18	2191
GCF	85.68	2146
GCF	86.18	1624
GCF	86.68	1249
GCF	87.19	876
GCF	87.69	857
GCF	88.19	577
GCF	88.69	388
GCF	89.20	262
GCF	89.70	237
GCF	90.20	146
GCF	90.70	131
GCF	91.21	67
GCF	91.71	62
GCF	92.21	34
GCF	92.71	17
GCF	93.22	5
GCF	93.72	7
GCF	94.22	10
GCF	94.72	4
GCF	95.48	1
GCF	96.23	2
GCF	96.73	1
GCF	97.49	2
GCF	98.24	4
GCF	98.74	2
GCF	99.50	1
# GC Content of last fragments. Use `grep ^GCL | cut -f 2-` to extract this part.
# ACGT content per cycle. Use `grep ^GCC | cut -f 2-` to extract this part. The columns are: cycle; A,C,G,T base counts as a percentage of all A/C/G/T bases [%]; and N and O counts as a percentage of all A/C/G/T bases [%]
GCC	1	17.11	32.88	33.00	17.02	0.00	0.00
GCC	2	31.19	18.72	18.43	31.66	0.00	0.00
GCC	3	29.01	21.06	20.76	29.17	0.00	0.00
GCC	4	29.11	20.78	20.34	29.76	0.00	0.00
GCC	5	37.17	12.88	12.86	37.09	0.00	0.00
GCC	6	29.52	20.47	20.78	29.24	0.00	0.00
GCC	7	29.03	20.90	21.07	29.00	0.00	0.00
GCC	8	29.67	20.40	20.50	29.43	0.00	0.00
GCC	9	19.79	30.33	29.94	19.93	0.00	0.00
GCC	10	32.07	17.96	17.72	32.25	0.00	0.00
GCC	11	25.57	24.35	24.46	25.62	0.00	0.00
GCC	12	28.87	21.10	20.96	29.06	0.00	0.00
GCC	13	25.57	24.41	24.38	25.64	0.00	0.00
GCC	14	25.34	24.71	24.38	25.57	0.00	0.00
GCC	15	27.80	22.28	22.20	27.72	0.00	0.00
GCC	16	28.19	21.83	21.74	28.24	0.00	0.00
GCC	17	28.80	21.11	21.14	28.94	0.00	0.00
GCC	18	28.78	21.20	21.19	28.83	0.00	0.00
GCC	19	28.44	21.46	21.54	28.57	0.00	0.00
GCC	20	28.44	21.48	21.48	28.60	0.00	0.00
GCC	21	28.33	21.70	21.63	28.34	0.00	0.00
GCC	22	28.27	21.72	21.67	28.34	0.00	0.00
GCC	23	28.32	21.71	21.62	28.35	0.00	0.00
GCC	24	28.19	21.85	21.70	28.27	0.00	0.00
GCC	25	28.14	21.84	21.82	28.19	0.00	0.00
GCC	26	28.16	21.89	21.72	28.22	0.00	0.00
GCC	27	28.21	21.82	21.71	28.26	0.00	0.00
GCC	28	28.10	21.87	21.85	28.19	0.00	0.00
GCC	29	28.12	21.86	21.79	28.24	0.00	0.00
GCC	30	28.21	21.75	21.73	28.30	0.00	0.00
GCC	31	28.10	21.81	21.86	28.23	0.00	0.00
GCC	32	28.19	21.81	21.75	28.25	0.00	0.00
GCC	33	28.07	21.84	21.89	28.20	0.00	0.00
GCC	34	28.22	21.77	21.70	28.31	0.00	0.00
GCC	35	28.12	21.88	21.82	28.18	0.00	0.00
GCC	36	28.03	22.00	21.81	28.17	0.00	0.00
GCC	37	28.12	21.91	21.80	28.17	0.00	0.00
GCC	38	28.05	21.90	21.85	28.20	0.00	0.00
GCC	39	28.01	22.04	21.87	28.08	0.00	0.00
GCC	40	28.12	21.83	21.83	28.21	0.00	0.00
GCC	41	27.89	22.12	21.97	28.02	0.00	0.00
GCC	42	28.17	21.82	21.80	28.21	0.00	0.00
GCC	43	27.99	21.92	21.94	28.15	0.00	0.00
GCC	44	27.99	21.94	21.90	28.17	0.00	0.00
GCC	45	28.19	21.79	21.79	28.23	0.00	0.00
GCC	46	27.94	22.01	21.95	28.11	0.00	0.00
GCC	47	28.04	21.90	21.90	28.16	0.00	0.00
GCC	48	28.11	21.89	21.87	28.13	0.00	0.00
GCC	49	27.90	22.10	21.98	28.02	0.00	0.00
GCC	50	28.18	21.83	21.75	28.24	0.00	0.00
GCC	51	27.96	22.07	21.95	28.02	0.00	0.00
GCC	52	27.97	22.05	21.91	28.07	0.00	0.00
GCC	53	28.13	21.96	21.84	28.07	0.00	0.00
GCC	54	27.92	22.09	21.95	28.05	0.00	0.00
GCC	55	28.08	21.87	21.89	28.16	0.00	0.00
GCC	56	27.92	22.04	21.97	28.07	0.00	0.00
GCC	57	27.94	21.98	22.00	28.08	0.00	0.00
GCC	58	28.12	21.85	21.83	28.19	0.00	0.00
GCC	59	27.83	22.12	22.11	27.95	0.00	0.00
GCC	60	28.05	21.91	21.87	28.17	0.00	0.00
GCC	61	27.97	22.05	21.98	28.00	0.00	0.00
GCC	62	28.01	21.99	21.95	28.05	0.00	0.00
GCC	63	28.00	22.03	21.92	28.05	0.00	0.00
GCC	64	28.02	22.05	21.89	28.05	0.00	0.00
GCC	65	27.97	22.00	21.94	28.08	0.00	0.00
GCC	66	28.03	22.06	21.88	28.03	0.00	0.00
GCC	67	27.94	22.00	21.95	28.10	0.00	0.00
GCC	68	27.95	22.03	22.00	28.02	0.00	0.00
GCC	69	27.98	22.01	21.97	28.04	0.00	0.00
GCC	70	27.97	21.99	21.97	28.07	0.00	0.00
GCC	71	27.91	22.02	22.07	28.00	0.00	0.00
GCC	72	27.96	22.02	21.95	28.07	0.00	0.00
GCC	73	27.94	21.99	22.01	28.07	0.00	0.00
GCC	74	28.01	22.01	21.88	28.10	0.00	0.00
GCC	75	28.08	21.91	21.87	28.14	0.00	0.00
GCC	76	27.85	22.18	22.03	27.93	0.00	0.00
GCC	77	27.96	22.09	21.95	28.00	0.00	0.00
GCC	78	27.96	22.05	21.92	28.07	0.00	0.00
GCC	79	27.86	22.17	22.00	27.97	0.00	0.00
GCC	80	28.01	21.99	21.96	28.04	0.00	0.00
GCC	81	27.86	22.12	22.03	27.99	0.00	0.00
GCC	82	27.98	22.01	21.99	28.02	0.00	0.00
GCC	83	27.92	22.02	22.01	28.05	0.00	0.00
GCC	84	27.95	21.97	21.97	28.11	0.00	0.00
GCC	85	27.98	22.01	21.97	28.04	0.00	0.00
GCC	86	27.83	22.11	22.05	28.01	0.00	0.00
GCC	87	27.94	22.05	22.00	28.02	0.00	0.00
GCC	88	28.00	22.00	21.93	28.08	0.00	0.00
GCC	89	27.73	22.25	22.14	27.88	0.00	0.00
GCC	90	28.01	22.00	21.94	28.06	0.00	0.00
GCC	91	27.74	22.25	22.16	27.86	0.00	0.00
GCC	92	28.00	22.04	21.91	28.06	0.00	0.00
GCC	93	27.87	22.17	22.05	27.91	0.00	0.00
GCC	94	27.80	22.19	22.06	27.95	0.00	0.00
GCC	95	28.00	22.00	21.95	28.05	0.00	0.00
GCC	96	27.85	22.08	22.07	28.00	0.00	0.00
GCC	97	27.84	22.13	22.08	27.96	0.00	0.00
GCC	98	27.99	21.98	21.95	28.09	0.00	0.00
GCC	99	27.75	22.18	22.21	27.86	0.00	0.00
GCC	100	27.88	22.09	22.05	27.99	0.00	0.00
GCC	101	27.86	22.11	22.08	27.95	0.00	0.00
GCC	102	27.84	22.15	22.10	27.90	0.00	0.00
GCC	103	27.96	22.06	21.96	28.02	0.00	0.00
GCC	104	27.92	22.11	22.01	27.96	0.00	0.00
GCC	105	27.91	22.03	22.03	28.02	0.00	0.00
GCC	106	27.81	22.21	22.07	27.91	0.00	0.00
GCC	107	27.95	22.04	21.98	28.03	0.00	0.00
GCC	108	27.93	22.07	21.99	28.02	0.00	0.00
GCC	109	27.88	22.09	22.06	27.97	0.00	0.00
GCC	110	27.95	21.98	21.97	28.10	0.00	0.00
GCC	111	27.79	22.17	22.17	27.87	0.00	0.00
GCC	112	27.93	22.00	21.97	28.11	0.00	0.00
GCC	113	27.84	22.10	22.11	27.96	0.00	0.00
GCC	114	27.79	22.18	22.12	27.91	0.00	0.00
GCC	115	27.95	22.00	21.96	28.09	0.00	0.00
GCC	116	27.81	22.21	22.08	27.91	0.00	0.00
GCC	117	27.95	22.08	21.97	28.00	0.00	0.00
GCC	118	27.88	22.10	22.05	27.96	0.00	0.00
GCC	119	27.88	22.13	22.02	27.97	0.00	0.00
GCC	120	27.96	22.03	22.00	28.00	0.00	0.00
GCC	121	27.81	22.17	22.09	27.93	0.00	0.00
GCC	122	27.94	22.02	22.02	28.03	0.00	0.00
GCC	123	27.73	22.21	22.17	27.88	0.00	0.00
GCC	124	27.86	22.05	22.05	28.04	0.00	0.00
GCC	125	27.84	22.11	22.11	27.94	0.00	0.00
GCC	126	27.91	22.05	21.96	28.08	0.00	0.00
GCC	127	27.80	22.17	22.11	27.93	0.00	0.00
GCC	128	27.86	22.15	22.05	27.94	0.00	0.00
GCC	129	27.85	22.17	22.07	27.92	0.00	0.00
GCC	130	27.88	22.13	22.03	27.96	0.00	0.00
GCC	131	27.90	22.16	22.00	27.94	0.00	0.00
GCC	132	27.88	22.14	22.05	27.93	0.00	0.00
GCC	133	27.89	22.14	22.03	27.95	0.00	0.00
GCC	134	27.78	22.23	22.10	27.89	0.00	0.00
GCC	135	27.88	22.07	22.06	27.99	0.00	0.00
GCC	136	27.94	22.01	22.00	28.04	0.00	0.00
GCC	137	27.74	22.19	22.20	27.87	0.00	0.00
GCC	138	27.91	22.05	22.05	27.99	0.00	0.00
GCC	139	27.78	22.15	22.14	27.93	0.00	0.00
GCC	140	27.82	22.14	22.09	27.94	0.00	0.00
GCC	141	27.91	22.09	22.03	27.97	0.00	0.00
GCC	142	27.84	22.15	22.10	27.91	0.00	0.00
GCC	143	27.88	22.18	22.04	27.91	0.00	0.00
GCC	144	27.82	22.18	22.13	27.87	0.00	0.00
GCC	145	27.85	22.14	22.08	27.93	0.00	0.00
GCC	146	27.84	22.18	22.04	27.93	0.00	0.00
GCC	147	27.93	22.11	22.01	27.95	0.00	0.00
GCC	148	27.86	22.12	22.07	27.95	0.00	0.00
GCC	149	27.86	22.14	22.05	27.96	0.00	0.00
GCC	150	27.85	22.10	22.09	27.96	0.00	0.00
# ACGT content per cycle for first fragments. Use `grep ^FBC | cut -f 2-` to extract this part. The columns are: cycle; A,C,G,T base counts as a percentage of all A/C/G/T bases [%]; and N and O counts as a percentage of all A/C/G/T bases [%]
FBC	1	17.11	32.88	33.00	17.02	0.00	0.00
FBC	2	31.19	18.72	18.43	31.66	0.00	0.00
FBC	3	29.01	21.06	20.76	29.17	0.00	0.00
FBC	4	29.11	20.78	20.34	29.76	0.00	0.00
FBC	5	37.17	12.88	12.86	37.09	0.00	0.00
FBC	6	29.52	20.47	20.78	29.24	0.00	0.00
FBC	7	29.03	20.90	21.07	29.00	0.00	0.00
FBC	8	29.67	20.40	20.50	29.43	0.00	0.00
FBC	9	19.79	30.33	29.94	19.93	0.00	0.00
FBC	10	32.07	17.96	17.72	32.25	0.00	0.00
FBC	11	25.57	24.35	24.46	25.62	0.00	0.00
FBC	12	28.87	21.10	20.96	29.06	0.00	0.00
FBC	13	25.57	24.41	24.38	25.64	0.00	0.00
FBC	14	25.34	24.71	24.38	25.57	0.00	0.00
FBC	15	27.80	22.28	22.20	27.72	0.00	0.00
FBC	16	28.19	21.83	21.74	28.24	0.00	0.00
FBC	17	28.80	21.11	21.14	28.94	0.00	0.00
FBC	18	28.78	21.20	21.19	28.83	0.00	0.00
FBC	19	28.44	21.46	21.54	28.57	0.00	0.00
FBC	20	28.44	21.48	21.48	28.60	0.00	0.00
FBC	21	28.33	21.70	21.63	28.34	0.00	0.00
FBC	22	28.27	21.72	21.67	28.34	0.00	0.00
FBC	23	28.32	21.71	21.62	28.35	0.00	0.00
FBC	24	28.19	21.85	21.70	28.27	0.00	0.00
FBC	25	28.14	21.84	21.82	28.19	0.00	0.00
FBC	26	28.16	21.89	21.72	28.22	0.00	0.00
FBC	27	28.21	21.82	21.71	28.26	0.00	0.00
FBC	28	28.10	21.87	21.85	28.19	0.00	0.00
FBC	29	28.12	21.86	21.79	28.24	0.00	0.00
FBC	30	28.21	21.75	21.73	28.30	0.00	0.00
FBC	31	28.10	21.81	21.86	28.23	0.00	0.00
FBC	32	28.19	21.81	21.75	28.25	0.00	0.00
FBC	33	28.07	21.84	21.89	28.20	0.00	0.00
FBC	34	28.22	21.77	21.70	28.31	0.00	0.00
FBC	35	28.12	21.88	21.82	28.18	0.00	0.00
FBC	36	28.03	22.00	21.81	28.17	0.00	0.00
FBC	37	28.12	21.91	21.80	28.17	0.00	0.00
FBC	38	28.05	21.90	21.85	28.20	0.00	0.00
FBC	39	28.01	22.04	21.87	28.08	0.00	0.00
FBC	40	28.12	21.83	21.83	28.21	0.00	0.00
FBC	41	27.89	22.12	21.97	28.02	0.00	0.00
FBC	42	28.17	21.82	21.80	28.21	0.00	0.00
FBC	43	27.99	21.92	21.94	28.15	0.00	0.00
FBC	44	27.99	21.94	21.90	28.17	0.00	0.00
FBC	45	28.19	21.79	21.79	28.23	0.00	0.00
FBC	46	27.94	22.01	21.95	28.11	0.00	0.00
FBC	47	28.04	21.90	21.90	28.16	0.00	0.00
FBC	48	28.11	21.89	21.87	28.13	0.00	0.00
FBC	49	27.90	22.10	21.98	28.02	0.00	0.00
FBC	50	28.18	21.83	21.75	28.24	0.00	0.00
FBC	51	27.96	22.07	21.95	28.02	0.00	0.00
FBC	52	27.97	22.05	21.91	28.07	0.00	0.00
FBC	53	28.13	21.96	21.84	28.07	0.00	0.00
FBC	54	27.92	22.09	21.95	28.05	0.00	0.00
FBC	55	28.08	21.87	21.89	28.16	0.00	0.00
FBC	56	27.92	22.04	21.97	28.07	0.00	0.00
FBC	57	27.94	21.98	22.00	28.08	0.00	0.00
FBC	58	28.12	21.85	21.83	28.19	0.00	0.00
FBC	59	27.83	22.12	22.11	27.95	0.00	0.00
FBC	60	28.05	21.91	21.87	28.17	0.00	0.00
FBC	61	27.97	22.05	21.98	28.00	0.00	0.00
FBC	62	28.01	21.99	21.95	28.05	0.00	0.00
FBC	63	28.00	22.03	21.92	28.05	0.00	0.00
FBC	64	28.02	22.05	21.89	28.05	0.00	0.00
FBC	65	27.97	22.00	21.94	28.08	0.00	0.00
FBC	66	28.03	22.06	21.88	28.03	0.00	0.00
FBC	67	27.94	22.00	21.95	28.10	0.00	0.00
FBC	68	27.95	22.03	22.00	28.02	0.00	0.00
FBC	69	27.98	22.01	21.97	28.04	0.00	0.00
FBC	70	27.97	21.99	21.97	28.07	0.00	0.00
FBC	71	27.91	22.02	22.07	28.00	0.00	0.00
FBC	72	27.96	22.02	21.95	28.07	0.00	0.00
FBC	73	27.94	21.99	22.01	28.07	0.00	0.00
FBC	74	28.01	22.01	21.88	28.10	0.00	0.00
FBC	75	28.08	21.91	21.87	28.14	0.00	0.00
FBC	76	27.85	22.18	22.03	27.93	0.00	0.00
FBC	77	27.96	22.09	21.95	28.00	0.00	0.00
FBC	78	27.96	22.05	21.92	28.07	0.00	0.00
FBC	79	27.86	22.17	22.00	27.97	0.00	0.00
FBC	80	28.01	21.99	21.96	28.04	0.00	0.00
FBC	81	27.86	22.12	22.03	27.99	0.00	0.00
FBC	82	27.98	22.01	21.99	28.02	0.00	0.00
FBC	83	27.92	22.02	22.01	28.05	0.00	0.00
FBC	84	27.95	21.97	21.97	28.11	0.00	0.00
FBC	85	27.98	22.01	21.97	28.04	0.00	0.00
FBC	86	27.83	22.11	22.05	28.01	0.00	0.00
FBC	87	27.94	22.05	22.00	28.02	0.00	0.00
FBC	88	28.00	22.00	21.93	28.08	0.00	0.00
FBC	89	27.73	22.25	22.14	27.88	0.00	0.00
FBC	90	28.01	22.00	21.94	28.06	0.00	0.00
FBC	91	27.74	22.25	22.16	27.86	0.00	0.00
FBC	92	28.00	22.04	21.91	28.06	0.00	0.00
FBC	93	27.87	22.17	22.05	27.91	0.00	0.00
FBC	94	27.80	22.19	22.06	27.95	0.00	0.00
FBC	95	28.00	22.00	21.95	28.05	0.00	0.00
FBC	96	27.85	22.08	22.07	28.00	0.00	0.00
FBC	97	27.84	22.13	22.08	27.96	0.00	0.00
FBC	98	27.99	21.98	21.95	28.09	0.00	0.00
FBC	99	27.75	22.18	22.21	27.86	0.00	0.00
FBC	100	27.88	22.09	22.05	27.99	0.00	0.00
FBC	101	27.86	22.11	22.08	27.95	0.00	0.00
FBC	102	27.84	22.15	22.10	27.90	0.00	0.00
FBC	103	27.96	22.06	21.96	28.02	0.00	0.00
FBC	104	27.92	22.11	22.01	27.96	0.00	0.00
FBC	105	27.91	22.03	22.03	28.02	0.00	0.00
FBC	106	27.81	22.21	22.07	27.91	0.00	0.00
FBC	107	27.95	22.04	21.98	28.03	0.00	0.00
FBC	108	27.93	22.07	21.99	28.02	0.00	0.00
FBC	109	27.88	22.09	22.06	27.97	0.00	0.00
FBC	110	27.95	21.98	21.97	28.10	0.00	0.00
FBC	111	27.79	22.17	22.17	27.87	0.00	0.00
FBC	112	27.93	22.00	21.97	28.11	0.00	0.00
FBC	113	27.84	22.10	22.11	27.96	0.00	0.00
FBC	114	27.79	22.18	22.12	27.91	0.00	0.00
FBC	115	27.95	22.00	21.96	28.09	0.00	0.00
FBC	116	27.81	22.21	22.08	27.91	0.00	0.00
FBC	117	27.95	22.08	21.97	28.00	0.00	0.00
FBC	118	27.88	22.10	22.05	27.96	0.00	0.00
FBC	119	27.88	22.13	22.02	27.97	0.00	0.00
FBC	120	27.96	22.03	22.00	28.00	0.00	0.00
FBC	121	27.81	22.17	22.09	27.93	0.00	0.00
FBC	122	27.94	22.02	22.02	28.03	0.00	0.00
FBC	123	27.73	22.21	22.17	27.88	0.00	0.00
FBC	124	27.86	22.05	22.05	28.04	0.00	0.00
FBC	125	27.84	22.11	22.11	27.94	0.00	0.00
FBC	126	27.91	22.05	21.96	28.08	0.00	0.00
FBC	127	27.80	22.17	22.11	27.93	0.00	0.00
FBC	128	27.86	22.15	22.05	27.94	0.00	0.00
FBC	129	27.85	22.17	22.07	27.92	0.00	0.00
FBC	130	27.88	22.13	22.03	27.96	0.00	0.00
FBC	131	27.90	22.16	22.00	27.94	0.00	0.00
FBC	132	27.88	22.14	22.05	27.93	0.00	0.00
FBC	133	27.89	22.14	22.03	27.95	0.00	0.00
FBC	134	27.78	22.23	22.10	27.89	0.00	0.00
FBC	135	27.88	22.07	22.06	27.99	0.00	0.00
FBC	136	27.94	22.01	22.00	28.04	0.00	0.00
FBC	137	27.74	22.19	22.20	27.87	0.00	0.00
FBC	138	27.91	22.05	22.05	27.99	0.00	0.00
FBC	139	27.78	22.15	22.14	27.93	0.00	0.00
FBC	140	27.82	22.14	22.09	27.94	0.00	0.00
FBC	141	27.91	22.09	22.03	27.97	0.00	0.00
FBC	142	27.84	22.15	22.10	27.91	0.00	0.00
FBC	143	27.88	22.18	22.04	27.91	0.00	0.00
FBC	144	27.82	22.18	22.13	27.87	0.00	0.00
FBC	145	27.85	22.14	22.08	27.93	0.00	0.00
FBC	146	27.84	22.18	22.04	27.93	0.00	0.00
FBC	147	27.93	22.11	22.01	27.95	0.00	0.00
FBC	148	27.86	22.12	22.07	27.95	0.00	0.00
FBC	149	27.86	22.14	22.05	27.96	0.00	0.00
FBC	150	27.85	22.10	22.09	27.96	0.00	0.00
# ACGT raw counters for first fragments. Use `grep ^FTC | cut -f 2-` to extract this part. The columns are: A,C,G,T,N base counters
FTC	2811947894	2215672118	2209235778	2821116095	7232
# ACGT content per cycle for last fragments. Use `grep ^LBC | cut -f 2-` to extract this part. The columns are: cycle; A,C,G,T base counts as a percentage of all A/C/G/T bases [%]; and N and O counts as a percentage of all A/C/G/T bases [%]
# ACGT raw counters for last fragments. Use `grep ^LTC | cut -f 2-` to extract this part. The columns are: A,C,G,T,N base counters
LTC	0	0	0	0	0
# Insert sizes. Use `grep ^IS | cut -f 2-` to extract this part. The columns are: insert size, pairs total, inward oriented pairs, outward oriented pairs, other pairs
# Read lengths. Use `grep ^RL | cut -f 2-` to extract this part. The columns are: read length, count
RL	32	1
RL	33	1
RL	34	1
RL	35	2
RL	36	1
RL	38	2
RL	39	1
RL	41	1
RL	43	1
RL	44	3
RL	46	2
RL	47	4
RL	48	2
RL	53	5
RL	54	1
RL	55	1
RL	56	4
RL	59	1
RL	61	1
RL	62	1
RL	63	2
RL	66	3
RL	67	1
RL	68	2
RL	69	1
RL	70	2
RL	71	2
RL	72	3
RL	73	2
RL	74	2
RL	75	2
RL	76	2
RL	77	4
RL	78	2
RL	79	6
RL	80	4
RL	81	3
RL	82	5
RL	83	2
RL	84	6
RL	85	3
RL	86	2
RL	87	4
RL	88	3
RL	89	3
RL	90	5
RL	91	6
RL	92	2
RL	93	5
RL	94	4
RL	95	2
RL	96	7
RL	97	7
RL	98	11
RL	99	5
RL	100	11
RL	101	14
RL	102	10
RL	103	17
RL	104	15
RL	105	11
RL	106	23
RL	107	10
RL	108	13
RL	109	13
RL	110	17
RL	111	26
RL	112	18
RL	113	22
RL	114	26
RL	115	34
RL	116	26
RL	117	35
RL	118	30
RL	119	40
RL	120	47
RL	121	53
RL	122	61
RL	123	50
RL	124	59
RL	125	68
RL	126	88
RL	127	95
RL	128	108
RL	129	104
RL	130	148
RL	131	179
RL	132	202
RL	133	226
RL	134	277
RL	135	375
RL	136	461
RL	137	553
RL	138	781
RL	139	1049
RL	140	1451
RL	141	2021
RL	142	3064
RL	143	4804
RL	144	7921
RL	145	14342
RL	146	28190
RL	147	70670
RL	148	252114
RL	149	1600640
RL	150	65080713
# Read lengths - first fragments. Use `grep ^FRL | cut -f 2-` to extract this part. The columns are: read length, count
FRL	32	1
FRL	33	1
FRL	34	1
FRL	35	2
FRL	36	1
FRL	38	2
FRL	39	1
FRL	41	1
FRL	43	1
FRL	44	3
FRL	46	2
FRL	47	4
FRL	48	2
FRL	53	5
FRL	54	1
FRL	55	1
FRL	56	4
FRL	59	1
FRL	61	1
FRL	62	1
FRL	63	2
FRL	66	3
FRL	67	1
FRL	68	2
FRL	69	1
FRL	70	2
FRL	71	2
FRL	72	3
FRL	73	2
FRL	74	2
FRL	75	2
FRL	76	2
FRL	77	4
FRL	78	2
FRL	79	6
FRL	80	4
FRL	81	3
FRL	82	5
FRL	83	2
FRL	84	6
FRL	85	3
FRL	86	2
FRL	87	4
FRL	88	3
FRL	89	3
FRL	90	5
FRL	91	6
FRL	92	2
FRL	93	5
FRL	94	4
FRL	95	2
FRL	96	7
FRL	97	7
FRL	98	11
FRL	99	5
FRL	100	11
FRL	101	14
FRL	102	10
FRL	103	17
FRL	104	15
FRL	105	11
FRL	106	23
FRL	107	10
FRL	108	13
FRL	109	13
FRL	110	17
FRL	111	26
FRL	112	18
FRL	113	22
FRL	114	26
FRL	115	34
FRL	116	26
FRL	117	35
FRL	118	30
FRL	119	40
FRL	120	47
FRL	121	53
FRL	122	61
FRL	123	50
FRL	124	59
FRL	125	68
FRL	126	88
FRL	127	95
FRL	128	108
FRL	129	104
FRL	130	148
FRL	131	179
FRL	132	202
FRL	133	226
FRL	134	277
FRL	135	375
FRL	136	461
FRL	137	553
FRL	138	781
FRL	139	1049
FRL	140	1451
FRL	141	2021
FRL	142	3064
FRL	143	4804
FRL	144	7921
FRL	145	14342
FRL	146	28190
FRL	147	70670
FRL	148	252114
FRL	149	1600640
FRL	150	65080713
# Read lengths - last fragments. Use `grep ^LRL | cut -f 2-` to extract this part. The columns are: read length, count
# Indel distribution. Use `grep ^ID | cut -f 2-` to extract this part. The columns are: length, number of insertions, number of deletions
ID	1	2090762	2617473
ID	2	579033	659671
ID	3	312591	413153
ID	4	229201	260708
ID	5	140586	169411
ID	6	115466	141725
ID	7	73347	113137
ID	8	75278	85310
ID	9	49614	127634
ID	10	44770	61318
ID	11	34536	42885
ID	12	27425	37870
ID	13	18643	27976
ID	14	15323	22677
ID	15	11950	18127
ID	16	11256	17996
ID	17	7835	13509
ID	18	7447	11973
ID	19	5508	10803
ID	20	5853	10822
ID	21	6995	11337
ID	22	3422	7240
ID	23	2862	5806
ID	24	2630	5328
ID	25	1749	4704
ID	26	1498	3846
ID	27	1204	3359
ID	28	1055	3139
ID	29	914	2372
ID	30	784	2400
ID	31	456	1886
ID	32	511	2288
ID	33	390	1425
ID	34	289	1025
ID	35	203	1145
ID	36	234	1073
ID	37	148	726
ID	38	142	807
ID	39	98	1080
ID	40	85	11180
ID	41	50	487
ID	42	29	482
ID	43	21	431
ID	44	24	410
ID	45	8	320
ID	46	9	225
ID	47	0	216
ID	48	0	191
ID	49	0	160
ID	50	0	122
ID	51	0	108
ID	52	0	95
ID	53	0	97
ID	54	0	74
ID	55	0	59
ID	56	0	53
ID	57	0	27
ID	58	0	25
ID	59	0	45
ID	60	0	23
ID	61	0	21
ID	62	0	17
ID	63	0	12
ID	64	0	10
ID	65	0	16
ID	66	0	7
ID	67	0	2
ID	68	0	1
# Indels per cycle. Use `grep ^IC | cut -f 2-` to extract this part. The columns are: cycle, number of insertions (fwd), .. (rev) , number of deletions (fwd), .. (rev)
IC	1	0	0	2	0
IC	2	1	0	4	0
IC	3	2	0	9140	0
IC	4	7298	0	10836	0
IC	5	9461	0	11857	0
IC	6	10576	0	13524	0
IC	7	11065	0	13140	0
IC	8	12170	0	17461	0
IC	9	14590	0	20179	0
IC	10	16627	0	19623	0
IC	11	16501	0	23260	0
IC	12	18394	0	22714	0
IC	13	19084	0	24466	0
IC	14	20505	0	25877	0
IC	15	21817	0	25869	0
IC	16	22374	0	31444	0
IC	17	22711	0	29919	0
IC	18	23710	0	29526	0
IC	19	24167	0	31758	0
IC	20	25927	0	30954	0
IC	21	26360	0	32795	0
IC	22	26380	0	36060	0
IC	23	27375	0	33341	0
IC	24	27456	0	34117	0
IC	25	27705	0	34718	0
IC	26	28672	0	34867	0
IC	27	28231	0	35596	0
IC	28	28689	0	37096	0
IC	29	29664	0	35296	0
IC	30	29773	0	36463	0
IC	31	30303	0	35717	0
IC	32	30491	0	36924	0
IC	33	30317	0	35150	0
IC	34	30097	0	35218	0
IC	35	30882	0	37666	0
IC	36	29940	0	36999	0
IC	37	29803	0	37236	0
IC	38	30189	0	37647	0
IC	39	31055	0	36944	0
IC	40	30941	0	36699	0
IC	41	31325	0	38158	0
IC	42	30945	0	38440	0
IC	43	30911	0	36748	0
IC	44	30664	0	36663	0
IC	45	31519	0	37836	0
IC	46	30384	0	38808	0
IC	47	31065	0	37327	0
IC	48	31035	0	37639	0
IC	49	31091	0	37668	0
IC	50	30719	0	37837	0
IC	51	30420	0	38426	0
IC	52	30739	0	41255	0
IC	53	31271	0	39397	0
IC	54	30934	0	39858	0
IC	55	30800	0	37054	0
IC	56	31142	0	39896	0
IC	57	30986	0	39162	0
IC	58	31401	0	41623	0
IC	59	30745	0	41131	0
IC	60	31075	0	38179	0
IC	61	31280	0	37432	0
IC	62	30437	0	38943	0
IC	63	31397	0	38516	0
IC	64	31414	0	39523	0
IC	65	31152	0	36868	0
IC	66	30734	0	38877	0
IC	67	31122	0	39377	0
IC	68	31522	0	38142	0
IC	69	31076	0	40123	0
IC	70	31340	0	39382	0
IC	71	30663	0	39667	0
IC	72	30800	0	39036	0
IC	73	31379	0	41974	0
IC	74	30845	0	39190	0
IC	75	30684	0	38451	0
IC	76	31232	0	39233	0
IC	77	30795	0	38074	0
IC	78	30657	0	38853	0
IC	79	31349	0	37784	0
IC	80	31024	0	40832	0
IC	81	31316	0	39311	0
IC	82	30940	0	37819	0
IC	83	31131	0	38866	0
IC	84	30531	0	37191	0
IC	85	31459	0	37834	0
IC	86	30374	0	38943	0
IC	87	30774	0	37503	0
IC	88	31065	0	40284	0
IC	89	30780	0	38407	0
IC	90	30961	0	38253	0
IC	91	31203	0	37582	0
IC	92	30261	0	38665	0
IC	93	30451	0	38702	0
IC	94	30679	0	38549	0
IC	95	30962	0	37454	0
IC	96	30915	0	39342	0
IC	97	29664	0	39998	0
IC	98	30302	0	40476	0
IC	99	30060	0	38236	0
IC	100	30459	0	37285	0
IC	101	30353	0	39010	0
IC	102	29989	0	39120	0
IC	103	29893	0	37345	0
IC	104	29751	0	39325	0
IC	105	29854	0	37289	0
IC	106	29957	0	40871	0
IC	107	29810	0	36854	0
IC	108	29519	0	37537	0
IC	109	29071	0	36834	0
IC	110	29703	0	38231	0
IC	111	29627	0	36756	0
IC	112	28789	0	43322	0
IC	113	28412	0	36225	0
IC	114	28443	0	36857	0
IC	115	28892	0	36282	0
IC	116	28609	0	37432	0
IC	117	28317	0	36481	0
IC	118	27988	0	35522	0
IC	119	28419	0	35943	0
IC	120	27090	0	36158	0
IC	121	27167	0	33703	0
IC	122	27459	0	35522	0
IC	123	27153	0	35701	0
IC	124	26955	0	34008	0
IC	125	26334	0	34255	0
IC	126	26266	0	33910	0
IC	127	26258	0	34358	0
IC	128	26085	0	33248	0
IC	129	25152	0	33095	0
IC	130	24912	0	32059	0
IC	131	23805	0	31900	0
IC	132	24000	0	31676	0
IC	133	23284	0	31646	0
IC	134	22353	0	30239	0
IC	135	21982	0	29111	0
IC	136	21123	0	30033	0
IC	137	21198	0	28048	0
IC	138	19528	0	28194	0
IC	139	18978	0	25844	0
IC	140	17614	0	24083	0
IC	141	17190	0	22301	0
IC	142	14964	0	22979	0
IC	143	13323	0	19086	0
IC	144	11606	0	19867	0
IC	145	11162	0	15388	0
IC	146	9496	0	13929	0
IC	147	8738	0	10316	0
IC	148	0	0	3	0
# Coverage distribution. Use `grep ^COV | cut -f 2-` to extract this part.
COV	[1-1]	1	39738157
COV	[2-2]	2	52484639
COV	[3-3]	3	65117862
COV	[4-4]	4	75741643
COV	[5-5]	5	83041416
COV	[6-6]	6	86585534
COV	[7-7]	7	86283771
COV	[8-8]	8	82586254
COV	[9-9]	9	76344952
COV	[10-10]	10	68299771
COV	[11-11]	11	59452499
COV	[12-12]	12	50485656
COV	[13-13]	13	41802187
COV	[14-14]	14	33918421
COV	[15-15]	15	26997404
COV	[16-16]	16	21177403
COV	[17-17]	17	16351391
COV	[18-18]	18	12447376
COV	[19-19]	19	9388161
COV	[20-20]	20	7003539
COV	[21-21]	21	5200655
COV	[22-22]	22	3854546
COV	[23-23]	23	2858835
COV	[24-24]	24	2113876
COV	[25-25]	25	1597416
COV	[26-26]	26	1203768
COV	[27-27]	27	928126
COV	[28-28]	28	722171
COV	[29-29]	29	586576
COV	[30-30]	30	482275
COV	[31-31]	31	405828
COV	[32-32]	32	351262
COV	[33-33]	33	308438
COV	[34-34]	34	277991
COV	[35-35]	35	250022
COV	[36-36]	36	230002
COV	[37-37]	37	209784
COV	[38-38]	38	193725
COV	[39-39]	39	181496
COV	[40-40]	40	168874
COV	[41-41]	41	158887
COV	[42-42]	42	150603
COV	[43-43]	43	141271
COV	[44-44]	44	133313
COV	[45-45]	45	128104
COV	[46-46]	46	122041
COV	[47-47]	47	117887
COV	[48-48]	48	110771
COV	[49-49]	49	106386
COV	[50-50]	50	100800
COV	[51-51]	51	96727
COV	[52-52]	52	91979
COV	[53-53]	53	89323
COV	[54-54]	54	85737
COV	[55-55]	55	82507
COV	[56-56]	56	78028
COV	[57-57]	57	76111
COV	[58-58]	58	71796
COV	[59-59]	59	70246
COV	[60-60]	60	68193
COV	[61-61]	61	65171
COV	[62-62]	62	61885
COV	[63-63]	63	60517
COV	[64-64]	64	57880
COV	[65-65]	65	56748
COV	[66-66]	66	54110
COV	[67-67]	67	52772
COV	[68-68]	68	50490
COV	[69-69]	69	48863
COV	[70-70]	70	48016
COV	[71-71]	71	45864
COV	[72-72]	72	44875
COV	[73-73]	73	44349
COV	[74-74]	74	41682
COV	[75-75]	75	41201
COV	[76-76]	76	40016
COV	[77-77]	77	38715
COV	[78-78]	78	37377
COV	[79-79]	79	36185
COV	[80-80]	80	36100
COV	[81-81]	81	35763
COV	[82-82]	82	33565
COV	[83-83]	83	33021
COV	[84-84]	84	31573
COV	[85-85]	85	31390
COV	[86-86]	86	30613
COV	[87-87]	87	28751
COV	[88-88]	88	28444
COV	[89-89]	89	27697
COV	[90-90]	90	26481
COV	[91-91]	91	25931
COV	[92-92]	92	25633
COV	[93-93]	93	25357
COV	[94-94]	94	24570
COV	[95-95]	95	24038
COV	[96-96]	96	23366
COV	[97-97]	97	22170
COV	[98-98]	98	21325
COV	[99-99]	99	20769
COV	[100-100]	100	20507
COV	[101-101]	101	19962
COV	[102-102]	102	19820
COV	[103-103]	103	18380
COV	[104-104]	104	18536
COV	[105-105]	105	18094
COV	[106-106]	106	17152
COV	[107-107]	107	17578
COV	[108-108]	108	16731
COV	[109-109]	109	16128
COV	[110-110]	110	15917
COV	[111-111]	111	15890
COV	[112-112]	112	15188
COV	[113-113]	113	15262
COV	[114-114]	114	15341
COV	[115-115]	115	14728
COV	[116-116]	116	14035
COV	[117-117]	117	13702
COV	[118-118]	118	13599
COV	[119-119]	119	13211
COV	[120-120]	120	12968
COV	[121-121]	121	12450
COV	[122-122]	122	12145
COV	[123-123]	123	12538
COV	[124-124]	124	11834
COV	[125-125]	125	12065
COV	[126-126]	126	11610
COV	[127-127]	127	11111
COV	[128-128]	128	11465
COV	[129-129]	129	10914
COV	[130-130]	130	10752
COV	[131-131]	131	10497
COV	[132-132]	132	10488
COV	[133-133]	133	10530
COV	[134-134]	134	10143
COV	[135-135]	135	10484
COV	[136-136]	136	10178
COV	[137-137]	137	9939
COV	[138-138]	138	9915
COV	[139-139]	139	9562
COV	[140-140]	140	9349
COV	[141-141]	141	9150
COV	[142-142]	142	9340
COV	[143-143]	143	9109
COV	[144-144]	144	9070
COV	[145-145]	145	8794
COV	[146-146]	146	8869
COV	[147-147]	147	8724
COV	[148-148]	148	8722
COV	[149-149]	149	8299
COV	[150-150]	150	8569
COV	[151-151]	151	8064
COV	[152-152]	152	8053
COV	[153-153]	153	8068
COV	[154-154]	154	7684
COV	[155-155]	155	7723
COV	[156-156]	156	7532
COV	[157-157]	157	7571
COV	[158-158]	158	7384
COV	[159-159]	159	7202
COV	[160-160]	160	7263
COV	[161-161]	161	6925
COV	[162-162]	162	7148
COV	[163-163]	163	6907
COV	[164-164]	164	6714
COV	[165-165]	165	6609
COV	[166-166]	166	6770
COV	[167-167]	167	6451
COV	[168-168]	168	6361
COV	[169-169]	169	6303
COV	[170-170]	170	6215
COV	[171-171]	171	6259
COV	[172-172]	172	6226
COV	[173-173]	173	6283
COV	[174-174]	174	5821
COV	[175-175]	175	5874
COV	[176-176]	176	5969
COV	[177-177]	177	5933
COV	[178-178]	178	5718
COV	[179-179]	179	5967
COV	[180-180]	180	5437
COV	[181-181]	181	5643
COV	[182-182]	182	5712
COV	[183-183]	183	5499
COV	[184-184]	184	5410
COV	[185-185]	185	5590
COV	[186-186]	186	5402
COV	[187-187]	187	5179
COV	[188-188]	188	5393
COV	[189-189]	189	5123
COV	[190-190]	190	5124
COV	[191-191]	191	5038
COV	[192-192]	192	5080
COV	[193-193]	193	5097
COV	[194-194]	194	5019
COV	[195-195]	195	4882
COV	[196-196]	196	4879
COV	[197-197]	197	4710
COV	[198-198]	198	4649
COV	[199-199]	199	4437
COV	[200-200]	200	4412
COV	[201-201]	201	4531
COV	[202-202]	202	4517
COV	[203-203]	203	4438
COV	[204-204]	204	4236
COV	[205-205]	205	4252
COV	[206-206]	206	4114
COV	[207-207]	207	4106
COV	[208-208]	208	4197
COV	[209-209]	209	4088
COV	[210-210]	210	4030
COV	[211-211]	211	3937
COV	[212-212]	212	4029
COV	[213-213]	213	3862
COV	[214-214]	214	3883
COV	[215-215]	215	3973
COV	[216-216]	216	3872
COV	[217-217]	217	3673
COV	[218-218]	218	3759
COV	[219-219]	219	3669
COV	[220-220]	220	3605
COV	[221-221]	221	3452
COV	[222-222]	222	3539
COV	[223-223]	223	3515
COV	[224-224]	224	3764
COV	[225-225]	225	3349
COV	[226-226]	226	3410
COV	[227-227]	227	3340
COV	[228-228]	228	3564
COV	[229-229]	229	3436
COV	[230-230]	230	3345
COV	[231-231]	231	3368
COV	[232-232]	232	3278
COV	[233-233]	233	3124
COV	[234-234]	234	3266
COV	[235-235]	235	3339
COV	[236-236]	236	2999
COV	[237-237]	237	3163
COV	[238-238]	238	2861
COV	[239-239]	239	3057
COV	[240-240]	240	2985
COV	[241-241]	241	2955
COV	[242-242]	242	2969
COV	[243-243]	243	2905
COV	[244-244]	244	2809
COV	[245-245]	245	2839
COV	[246-246]	246	2821
COV	[247-247]	247	2925
COV	[248-248]	248	2852
COV	[249-249]	249	2716
COV	[250-250]	250	2689
COV	[251-251]	251	2682
COV	[252-252]	252	2659
COV	[253-253]	253	2678
COV	[254-254]	254	2516
COV	[255-255]	255	2615
COV	[256-256]	256	2503
COV	[257-257]	257	2661
COV	[258-258]	258	2638
COV	[259-259]	259	2402
COV	[260-260]	260	2454
COV	[261-261]	261	2461
COV	[262-262]	262	2477
COV	[263-263]	263	2402
COV	[264-264]	264	2519
COV	[265-265]	265	2448
COV	[266-266]	266	2384
COV	[267-267]	267	2673
COV	[268-268]	268	2398
COV	[269-269]	269	2257
COV	[270-270]	270	2253
COV	[271-271]	271	2279
COV	[272-272]	272	2260
COV	[273-273]	273	2309
COV	[274-274]	274	2413
COV	[275-275]	275	2322
COV	[276-276]	276	2139
COV	[277-277]	277	2336
COV	[278-278]	278	2226
COV	[279-279]	279	2402
COV	[280-280]	280	2330
COV	[281-281]	281	2235
COV	[282-282]	282	2417
COV	[283-283]	283	2335
COV	[284-284]	284	2291
COV	[285-285]	285	2265
COV	[286-286]	286	2037
COV	[287-287]	287	2131
COV	[288-288]	288	2162
COV	[289-289]	289	2081
COV	[290-290]	290	2033
COV	[291-291]	291	2088
COV	[292-292]	292	2052
COV	[293-293]	293	1951
COV	[294-294]	294	2079
COV	[295-295]	295	2115
COV	[296-296]	296	2032
COV	[297-297]	297	2003
COV	[298-298]	298	1977
COV	[299-299]	299	1996
COV	[300-300]	300	1993
COV	[301-301]	301	1905
COV	[302-302]	302	2008
COV	[303-303]	303	1987
COV	[304-304]	304	1899
COV	[305-305]	305	1851
COV	[306-306]	306	2024
COV	[307-307]	307	1881
COV	[308-308]	308	2020
COV	[309-309]	309	1917
COV	[310-310]	310	1953
COV	[311-311]	311	1900
COV	[312-312]	312	1905
COV	[313-313]	313	1880
COV	[314-314]	314	1919
COV	[315-315]	315	1897
COV	[316-316]	316	1870
COV	[317-317]	317	1794
COV	[318-318]	318	1801
COV	[319-319]	319	1858
COV	[320-320]	320	1865
COV	[321-321]	321	1912
COV	[322-322]	322	1961
COV	[323-323]	323	1748
COV	[324-324]	324	1761
COV	[325-325]	325	1835
COV	[326-326]	326	1834
COV	[327-327]	327	1696
COV	[328-328]	328	1834
COV	[329-329]	329	1733
COV	[330-330]	330	1719
COV	[331-331]	331	1674
COV	[332-332]	332	1694
COV	[333-333]	333	1641
COV	[334-334]	334	1723
COV	[335-335]	335	1571
COV	[336-336]	336	1616
COV	[337-337]	337	1610
COV	[338-338]	338	1728
COV	[339-339]	339	1642
COV	[340-340]	340	1637
COV	[341-341]	341	1600
COV	[342-342]	342	1559
COV	[343-343]	343	1531
COV	[344-344]	344	1539
COV	[345-345]	345	1511
COV	[346-346]	346	1634
COV	[347-347]	347	1630
COV	[348-348]	348	1553
COV	[349-349]	349	1536
COV	[350-350]	350	1502
COV	[351-351]	351	1547
COV	[352-352]	352	1495
COV	[353-353]	353	1485
COV	[354-354]	354	1474
COV	[355-355]	355	1462
COV	[356-356]	356	1630
COV	[357-357]	357	1580
COV	[358-358]	358	1640
COV	[359-359]	359	1620
COV	[360-360]	360	1580
COV	[361-361]	361	1610
COV	[362-362]	362	1508
COV	[363-363]	363	1440
COV	[364-364]	364	1519
COV	[365-365]	365	1390
COV	[366-366]	366	1404
COV	[367-367]	367	1454
COV	[368-368]	368	1418
COV	[369-369]	369	1527
COV	[370-370]	370	1556
COV	[371-371]	371	1504
COV	[372-372]	372	1430
COV	[373-373]	373	1375
COV	[374-374]	374	1456
COV	[375-375]	375	1513
COV	[376-376]	376	1539
COV	[377-377]	377	1496
COV	[378-378]	378	1474
COV	[379-379]	379	1475
COV	[380-380]	380	1393
COV	[381-381]	381	1421
COV	[382-382]	382	1481
COV	[383-383]	383	1473
COV	[384-384]	384	1444
COV	[385-385]	385	1430
COV	[386-386]	386	1320
COV	[387-387]	387	1338
COV	[388-388]	388	1417
COV	[389-389]	389	1475
COV	[390-390]	390	1469
COV	[391-391]	391	1497
COV	[392-392]	392	1357
COV	[393-393]	393	1462
COV	[394-394]	394	1504
COV	[395-395]	395	1388
COV	[396-396]	396	1447
COV	[397-397]	397	1445
COV	[398-398]	398	1404
COV	[399-399]	399	1393
COV	[400-400]	400	1422
COV	[401-401]	401	1398
COV	[402-402]	402	1397
COV	[403-403]	403	1371
COV	[404-404]	404	1289
COV	[405-405]	405	1332
COV	[406-406]	406	1367
COV	[407-407]	407	1356
COV	[408-408]	408	1273
COV	[409-409]	409	1435
COV	[410-410]	410	1386
COV	[411-411]	411	1401
COV	[412-412]	412	1268
COV	[413-413]	413	1293
COV	[414-414]	414	1394
COV	[415-415]	415	1292
COV	[416-416]	416	1297
COV	[417-417]	417	1318
COV	[418-418]	418	1269
COV	[419-419]	419	1257
COV	[420-420]	420	1190
COV	[421-421]	421	1152
COV	[422-422]	422	1190
COV	[423-423]	423	1311
COV	[424-424]	424	1182
COV	[425-425]	425	1223
COV	[426-426]	426	1172
COV	[427-427]	427	1174
COV	[428-428]	428	1158
COV	[429-429]	429	1159
COV	[430-430]	430	1125
COV	[431-431]	431	1094
COV	[432-432]	432	1098
COV	[433-433]	433	1081
COV	[434-434]	434	1021
COV	[435-435]	435	1114
COV	[436-436]	436	1089
COV	[437-437]	437	1093
COV	[438-438]	438	1103
COV	[439-439]	439	1040
COV	[440-440]	440	1034
COV	[441-441]	441	1087
COV	[442-442]	442	1010
COV	[443-443]	443	1006
COV	[444-444]	444	984
COV	[445-445]	445	996
COV	[446-446]	446	1012
COV	[447-447]	447	988
COV	[448-448]	448	1096
COV	[449-449]	449	943
COV	[450-450]	450	882
COV	[451-451]	451	907
COV	[452-452]	452	1000
COV	[453-453]	453	965
COV	[454-454]	454	974
COV	[455-455]	455	973
COV	[456-456]	456	883
COV	[457-457]	457	950
COV	[458-458]	458	874
COV	[459-459]	459	877
COV	[460-460]	460	876
COV	[461-461]	461	887
COV	[462-462]	462	842
COV	[463-463]	463	882
COV	[464-464]	464	805
COV	[465-465]	465	811
COV	[466-466]	466	797
COV	[467-467]	467	809
COV	[468-468]	468	850
COV	[469-469]	469	799
COV	[470-470]	470	809
COV	[471-471]	471	777
COV	[472-472]	472	779
COV	[473-473]	473	837
COV	[474-474]	474	805
COV	[475-475]	475	736
COV	[476-476]	476	784
COV	[477-477]	477	776
COV	[478-478]	478	704
COV	[479-479]	479	770
COV	[480-480]	480	733
COV	[481-481]	481	732
COV	[482-482]	482	723
COV	[483-483]	483	677
COV	[484-484]	484	691
COV	[485-485]	485	688
COV	[486-486]	486	735
COV	[487-487]	487	720
COV	[488-488]	488	611
COV	[489-489]	489	668
COV	[490-490]	490	653
COV	[491-491]	491	675
COV	[492-492]	492	624
COV	[493-493]	493	668
COV	[494-494]	494	665
COV	[495-495]	495	696
COV	[496-496]	496	652
COV	[497-497]	497	628
COV	[498-498]	498	526
COV	[499-499]	499	626
COV	[500-500]	500	612
COV	[501-501]	501	630
COV	[502-502]	502	575
COV	[503-503]	503	546
COV	[504-504]	504	541
COV	[505-505]	505	596
COV	[506-506]	506	617
COV	[507-507]	507	592
COV	[508-508]	508	556
COV	[509-509]	509	543
COV	[510-510]	510	569
COV	[511-511]	511	548
COV	[512-512]	512	600
COV	[513-513]	513	544
COV	[514-514]	514	558
COV	[515-515]	515	503
COV	[516-516]	516	541
COV	[517-517]	517	453
COV	[518-518]	518	499
COV	[519-519]	519	486
COV	[520-520]	520	519
COV	[521-521]	521	459
COV	[522-522]	522	442
COV	[523-523]	523	460
COV	[524-524]	524	465
COV	[525-525]	525	489
COV	[526-526]	526	479
COV	[527-527]	527	461
COV	[528-528]	528	461
COV	[529-529]	529	438
COV	[530-530]	530	457
COV	[531-531]	531	409
COV	[532-532]	532	483
COV	[533-533]	533	437
COV	[534-534]	534	439
COV	[535-535]	535	411
COV	[536-536]	536	415
COV	[537-537]	537	403
COV	[538-538]	538	469
COV	[539-539]	539	485
COV	[540-540]	540	499
COV	[541-541]	541	510
COV	[542-542]	542	459
COV	[543-543]	543	407
COV	[544-544]	544	430
COV	[545-545]	545	403
COV	[546-546]	546	381
COV	[547-547]	547	404
COV	[548-548]	548	459
COV	[549-549]	549	413
COV	[550-550]	550	397
COV	[551-551]	551	419
COV	[552-552]	552	409
COV	[553-553]	553	432
COV	[554-554]	554	432
COV	[555-555]	555	405
COV	[556-556]	556	397
COV	[557-557]	557	411
COV	[558-558]	558	405
COV	[559-559]	559	396
COV	[560-560]	560	395
COV	[561-561]	561	386
COV	[562-562]	562	408
COV	[563-563]	563	402
COV	[564-564]	564	392
COV	[565-565]	565	401
COV	[566-566]	566	367
COV	[567-567]	567	393
COV	[568-568]	568	406
COV	[569-569]	569	435
COV	[570-570]	570	386
COV	[571-571]	571	413
COV	[572-572]	572	383
COV	[573-573]	573	427
COV	[574-574]	574	384
COV	[575-575]	575	366
COV	[576-576]	576	328
COV	[577-577]	577	406
COV	[578-578]	578	368
COV	[579-579]	579	377
COV	[580-580]	580	367
COV	[581-581]	581	390
COV	[582-582]	582	396
COV	[583-583]	583	400
COV	[584-584]	584	395
COV	[585-585]	585	370
COV	[586-586]	586	372
COV	[587-587]	587	371
COV	[588-588]	588	347
COV	[589-589]	589	354
COV	[590-590]	590	360
COV	[591-591]	591	387
COV	[592-592]	592	330
COV	[593-593]	593	359
COV	[594-594]	594	370
COV	[595-595]	595	366
COV	[596-596]	596	378
COV	[597-597]	597	380
COV	[598-598]	598	365
COV	[599-599]	599	342
COV	[600-600]	600	393
COV	[601-601]	601	334
COV	[602-602]	602	349
COV	[603-603]	603	366
COV	[604-604]	604	340
COV	[605-605]	605	394
COV	[606-606]	606	357
COV	[607-607]	607	365
COV	[608-608]	608	356
COV	[609-609]	609	335
COV	[610-610]	610	388
COV	[611-611]	611	374
COV	[612-612]	612	346
COV	[613-613]	613	339
COV	[614-614]	614	391
COV	[615-615]	615	357
COV	[616-616]	616	317
COV	[617-617]	617	352
COV	[618-618]	618	371
COV	[619-619]	619	371
COV	[620-620]	620	388
COV	[621-621]	621	373
COV	[622-622]	622	330
COV	[623-623]	623	340
COV	[624-624]	624	362
COV	[625-625]	625	334
COV	[626-626]	626	337
COV	[627-627]	627	358
COV	[628-628]	628	326
COV	[629-629]	629	301
COV	[630-630]	630	300
COV	[631-631]	631	319
COV	[632-632]	632	339
COV	[633-633]	633	380
COV	[634-634]	634	365
COV	[635-635]	635	374
COV	[636-636]	636	349
COV	[637-637]	637	370
COV	[638-638]	638	364
COV	[639-639]	639	403
COV	[640-640]	640	340
COV	[641-641]	641	386
COV	[642-642]	642	352
COV	[643-643]	643	355
COV	[644-644]	644	340
COV	[645-645]	645	344
COV	[646-646]	646	356
COV	[647-647]	647	346
COV	[648-648]	648	372
COV	[649-649]	649	342
COV	[650-650]	650	357
COV	[651-651]	651	320
COV	[652-652]	652	345
COV	[653-653]	653	297
COV	[654-654]	654	312
COV	[655-655]	655	347
COV	[656-656]	656	298
COV	[657-657]	657	300
COV	[658-658]	658	367
COV	[659-659]	659	336
COV	[660-660]	660	319
COV	[661-661]	661	352
COV	[662-662]	662	329
COV	[663-663]	663	322
COV	[664-664]	664	315
COV	[665-665]	665	349
COV	[666-666]	666	317
COV	[667-667]	667	353
COV	[668-668]	668	319
COV	[669-669]	669	309
COV	[670-670]	670	281
COV	[671-671]	671	329
COV	[672-672]	672	320
COV	[673-673]	673	291
COV	[674-674]	674	322
COV	[675-675]	675	261
COV	[676-676]	676	290
COV	[677-677]	677	291
COV	[678-678]	678	295
COV	[679-679]	679	242
COV	[680-680]	680	277
COV	[681-681]	681	267
COV	[682-682]	682	250
COV	[683-683]	683	309
COV	[684-684]	684	293
COV	[685-685]	685	287
COV	[686-686]	686	265
COV	[687-687]	687	292
COV	[688-688]	688	322
COV	[689-689]	689	281
COV	[690-690]	690	286
COV	[691-691]	691	302
COV	[692-692]	692	309
COV	[693-693]	693	312
COV	[694-694]	694	283
COV	[695-695]	695	305
COV	[696-696]	696	311
COV	[697-697]	697	279
COV	[698-698]	698	273
COV	[699-699]	699	296
COV	[700-700]	700	322
COV	[701-701]	701	323
COV	[702-702]	702	283
COV	[703-703]	703	264
COV	[704-704]	704	293
COV	[705-705]	705	302
COV	[706-706]	706	247
COV	[707-707]	707	251
COV	[708-708]	708	268
COV	[709-709]	709	277
COV	[710-710]	710	271
COV	[711-711]	711	244
COV	[712-712]	712	295
COV	[713-713]	713	311
COV	[714-714]	714	288
COV	[715-715]	715	289
COV	[716-716]	716	278
COV	[717-717]	717	334
COV	[718-718]	718	276
COV	[719-719]	719	315
COV	[720-720]	720	299
COV	[721-721]	721	314
COV	[722-722]	722	300
COV	[723-723]	723	302
COV	[724-724]	724	276
COV	[725-725]	725	286
COV	[726-726]	726	278
COV	[727-727]	727	283
COV	[728-728]	728	305
COV	[729-729]	729	298
COV	[730-730]	730	279
COV	[731-731]	731	277
COV	[732-732]	732	274
COV	[733-733]	733	284
COV	[734-734]	734	266
COV	[735-735]	735	288
COV	[736-736]	736	262
COV	[737-737]	737	291
COV	[738-738]	738	277
COV	[739-739]	739	288
COV	[740-740]	740	289
COV	[741-741]	741	328
COV	[742-742]	742	304
COV	[743-743]	743	279
COV	[744-744]	744	276
COV	[745-745]	745	278
COV	[746-746]	746	267
COV	[747-747]	747	257
COV	[748-748]	748	302
COV	[749-749]	749	246
COV	[750-750]	750	266
COV	[751-751]	751	278
COV	[752-752]	752	297
COV	[753-753]	753	252
COV	[754-754]	754	270
COV	[755-755]	755	264
COV	[756-756]	756	241
COV	[757-757]	757	276
COV	[758-758]	758	295
COV	[759-759]	759	263
COV	[760-760]	760	239
COV	[761-761]	761	253
COV	[762-762]	762	246
COV	[763-763]	763	287
COV	[764-764]	764	301
COV	[765-765]	765	308
COV	[766-766]	766	281
COV	[767-767]	767	243
COV	[768-768]	768	273
COV	[769-769]	769	271
COV	[770-770]	770	257
COV	[771-771]	771	267
COV	[772-772]	772	271
COV	[773-773]	773	264
COV	[774-774]	774	309
COV	[775-775]	775	254
COV	[776-776]	776	262
COV	[777-777]	777	289
COV	[778-778]	778	240
COV	[779-779]	779	272
COV	[780-780]	780	246
COV	[781-781]	781	254
COV	[782-782]	782	255
COV	[783-783]	783	234
COV	[784-784]	784	244
COV	[785-785]	785	260
COV	[786-786]	786	264
COV	[787-787]	787	251
COV	[788-788]	788	270
COV	[789-789]	789	259
COV	[790-790]	790	269
COV	[791-791]	791	235
COV	[792-792]	792	256
COV	[793-793]	793	254
COV	[794-794]	794	246
COV	[795-795]	795	266
COV	[796-796]	796	255
COV	[797-797]	797	279
COV	[798-798]	798	231
COV	[799-799]	799	221
COV	[800-800]	800	229
COV	[801-801]	801	257
COV	[802-802]	802	255
COV	[803-803]	803	257
COV	[804-804]	804	260
COV	[805-805]	805	246
COV	[806-806]	806	235
COV	[807-807]	807	240
COV	[808-808]	808	228
COV	[809-809]	809	247
COV	[810-810]	810	251
COV	[811-811]	811	242
COV	[812-812]	812	237
COV	[813-813]	813	232
COV	[814-814]	814	230
COV	[815-815]	815	264
COV	[816-816]	816	199
COV	[817-817]	817	220
COV	[818-818]	818	210
COV	[819-819]	819	205
COV	[820-820]	820	228
COV	[821-821]	821	221
COV	[822-822]	822	223
COV	[823-823]	823	280
COV	[824-824]	824	228
COV	[825-825]	825	228
COV	[826-826]	826	214
COV	[827-827]	827	243
COV	[828-828]	828	229
COV	[829-829]	829	222
COV	[830-830]	830	216
COV	[831-831]	831	245
COV	[832-832]	832	235
COV	[833-833]	833	271
COV	[834-834]	834	246
COV	[835-835]	835	232
COV	[836-836]	836	242
COV	[837-837]	837	224
COV	[838-838]	838	246
COV	[839-839]	839	260
COV	[840-840]	840	202
COV	[841-841]	841	224
COV	[842-842]	842	234
COV	[843-843]	843	223
COV	[844-844]	844	243
COV	[845-845]	845	210
COV	[846-846]	846	175
COV	[847-847]	847	211
COV	[848-848]	848	201
COV	[849-849]	849	217
COV	[850-850]	850	217
COV	[851-851]	851	223
COV	[852-852]	852	236
COV	[853-853]	853	236
COV	[854-854]	854	232
COV	[855-855]	855	218
COV	[856-856]	856	231
COV	[857-857]	857	207
COV	[858-858]	858	218
COV	[859-859]	859	216
COV	[860-860]	860	237
COV	[861-861]	861	187
COV	[862-862]	862	238
COV	[863-863]	863	255
COV	[864-864]	864	260
COV	[865-865]	865	223
COV	[866-866]	866	219
COV	[867-867]	867	219
COV	[868-868]	868	226
COV	[869-869]	869	217
COV	[870-870]	870	296
COV	[871-871]	871	237
COV	[872-872]	872	253
COV	[873-873]	873	229
COV	[874-874]	874	235
COV	[875-875]	875	228
COV	[876-876]	876	253
COV	[877-877]	877	227
COV	[878-878]	878	231
COV	[879-879]	879	232
COV	[880-880]	880	198
COV	[881-881]	881	221
COV	[882-882]	882	207
COV	[883-883]	883	199
COV	[884-884]	884	226
COV	[885-885]	885	204
COV	[886-886]	886	190
COV	[887-887]	887	230
COV	[888-888]	888	208
COV	[889-889]	889	222
COV	[890-890]	890	216
COV	[891-891]	891	207
COV	[892-892]	892	192
COV	[893-893]	893	189
COV	[894-894]	894	195
COV	[895-895]	895	204
COV	[896-896]	896	193
COV	[897-897]	897	194
COV	[898-898]	898	193
COV	[899-899]	899	180
COV	[900-900]	900	204
COV	[901-901]	901	222
COV	[902-902]	902	205
COV	[903-903]	903	201
COV	[904-904]	904	226
COV	[905-905]	905	220
COV	[906-906]	906	199
COV	[907-907]	907	230
COV	[908-908]	908	209
COV	[909-909]	909	196
COV	[910-910]	910	201
COV	[911-911]	911	197
COV	[912-912]	912	196
COV	[913-913]	913	189
COV	[914-914]	914	165
COV	[915-915]	915	218
COV	[916-916]	916	183
COV	[917-917]	917	190
COV	[918-918]	918	182
COV	[919-919]	919	177
COV	[920-920]	920	195
COV	[921-921]	921	165
COV	[922-922]	922	160
COV	[923-923]	923	168
COV	[924-924]	924	163
COV	[925-925]	925	157
COV	[926-926]	926	156
COV	[927-927]	927	157
COV	[928-928]	928	163
COV	[929-929]	929	158
COV	[930-930]	930	164
COV	[931-931]	931	144
COV	[932-932]	932	149
COV	[933-933]	933	144
COV	[934-934]	934	180
COV	[935-935]	935	162
COV	[936-936]	936	146
COV	[937-937]	937	130
COV	[938-938]	938	137
COV	[939-939]	939	164
COV	[940-940]	940	161
COV	[941-941]	941	152
COV	[942-942]	942	152
COV	[943-943]	943	147
COV	[944-944]	944	120
COV	[945-945]	945	128
COV	[946-946]	946	134
COV	[947-947]	947	118
COV	[948-948]	948	114
COV	[949-949]	949	90
COV	[950-950]	950	115
COV	[951-951]	951	112
COV	[952-952]	952	94
COV	[953-953]	953	139
COV	[954-954]	954	117
COV	[955-955]	955	115
COV	[956-956]	956	112
COV	[957-957]	957	112
COV	[958-958]	958	122
COV	[959-959]	959	118
COV	[960-960]	960	105
COV	[961-961]	961	94
COV	[962-962]	962	122
COV	[963-963]	963	121
COV	[964-964]	964	121
COV	[965-965]	965	125
COV	[966-966]	966	113
COV	[967-967]	967	115
COV	[968-968]	968	85
COV	[969-969]	969	103
COV	[970-970]	970	83
COV	[971-971]	971	114
COV	[972-972]	972	109
COV	[973-973]	973	99
COV	[974-974]	974	88
COV	[975-975]	975	107
COV	[976-976]	976	114
COV	[977-977]	977	106
COV	[978-978]	978	80
COV	[979-979]	979	98
COV	[980-980]	980	86
COV	[981-981]	981	90
COV	[982-982]	982	90
COV	[983-983]	983	89
COV	[984-984]	984	101
COV	[985-985]	985	79
COV	[986-986]	986	125
COV	[987-987]	987	92
COV	[988-988]	988	90
COV	[989-989]	989	86
COV	[990-990]	990	94
COV	[991-991]	991	90
COV	[992-992]	992	79
COV	[993-993]	993	80
COV	[994-994]	994	91
COV	[995-995]	995	90
COV	[996-996]	996	76
COV	[997-997]	997	83
COV	[998-998]	998	80
COV	[999-999]	999	100
COV	[1000-1000]	1000	90
COV	[1000<]	1000	146103
# GC-depth. Use `grep ^GCD | cut -f 2-` to extract this part. The columns are: GC%, unique sequence percentiles, 10th, 25th, 50th, 75th and 90th depth percentile
GCD	0.0	0.004	0.000	0.000	0.000	0.000	0.000
GCD	16.0	0.007	0.194	0.194	2.321	4.448	4.448
GCD	22.0	0.009	14.669	14.669	14.669	14.669	14.669
GCD	23.0	0.011	13.231	13.231	13.231	13.231	13.231
GCD	26.0	0.013	19.884	19.884	19.884	19.884	19.884
GCD	27.0	0.015	17.977	17.977	17.977	17.977	17.977
GCD	28.0	0.017	17.083	17.083	17.083	17.083	17.083
GCD	29.0	0.022	6.169	6.169	11.868	14.416	14.416
GCD	30.0	0.028	0.112	0.112	0.216	1.624	1.624
GCD	31.0	0.031	0.104	0.104	0.130	0.156	0.156
GCD	32.0	0.040	0.432	0.633	1.207	7.778	8.165
GCD	33.0	0.050	0.030	0.130	0.626	3.390	4.701
GCD	34.0	0.147	3.765	5.453	5.967	6.657	8.043
GCD	35.0	0.680	5.459	6.107	6.634	7.161	7.671
GCD	36.0	2.798	5.970	6.439	6.929	7.487	7.962
GCD	37.0	7.892	6.370	6.869	7.383	7.875	8.322
GCD	38.0	16.145	6.690	7.167	7.688	8.195	8.687
GCD	39.0	26.700	6.973	7.472	7.986	8.508	8.962
GCD	40.0	37.756	7.167	7.681	8.217	8.731	9.231
GCD	41.0	48.230	7.286	7.852	8.389	8.903	9.424
GCD	42.0	57.274	7.368	7.957	8.523	9.089	9.603
GCD	43.0	64.705	7.390	8.016	8.642	9.210	9.789
GCD	44.0	70.595	7.204	8.009	8.672	9.312	9.908
GCD	45.0	75.458	6.769	7.919	8.687	9.365	10.060
GCD	46.0	79.326	6.698	7.823	8.642	9.372	10.113
GCD	47.0	82.484	6.078	7.688	8.590	9.447	10.311
GCD	48.0	85.164	5.541	7.441	8.463	9.402	10.446
GCD	49.0	87.589	5.528	7.413	8.471	9.402	10.557
GCD	50.0	89.661	5.692	7.197	8.277	9.253	11.308
GCD	51.0	91.494	5.903	7.171	8.180	9.227	10.624
GCD	52.0	93.191	5.573	6.787	8.016	8.985	10.290
GCD	53.0	94.590	5.529	6.876	7.934	8.906	10.201
GCD	54.0	95.797	5.382	6.698	7.733	8.791	10.195
GCD	55.0	96.777	4.799	6.191	7.472	8.545	9.725
GCD	56.0	97.474	4.403	5.967	7.271	8.396	9.827
GCD	57.0	98.079	4.597	6.031	7.048	8.161	9.268
GCD	58.0	98.566	4.220	5.524	6.824	7.912	9.076
GCD	59.0	98.982	4.376	5.472	6.582	7.651	8.910
GCD	60.0	99.254	3.835	5.306	6.541	7.487	8.418
GCD	61.0	99.505	3.308	4.820	6.087	7.267	8.386
GCD	62.0	99.693	2.174	4.105	5.770	6.895	7.431
GCD	63.0	99.803	1.553	3.755	5.163	6.388	7.017
GCD	64.0	99.879	1.962	3.453	4.790	6.128	7.522
GCD	65.0	99.926	2.489	3.012	4.723	6.049	7.261
GCD	66.0	99.961	0.879	1.736	2.295	4.470	5.394
GCD	67.0	99.971	1.199	1.702	2.458	2.514	2.518
GCD	68.0	99.985	0.015	1.190	2.082	3.267	5.066
GCD	69.0	99.991	0.052	0.052	0.209	3.427	3.427
GCD	70.0	99.993	10.959	10.959	10.959	10.959	10.959
GCD	71.0	99.994	0.335	0.335	0.335	0.335	0.335
GCD	73.0	99.996	0.037	0.037	0.037	0.037	0.037
GCD	73.6	99.998	1.050	1.050	1.050	1.050	1.050
GCD	75.0	100.000	0.007	0.007	0.007	0.007	0.007
