# This file was produced by samtools stats (1.10+htslib-1.10) and can be plotted using plot-bamstats
# This file contains statistics for all reads.
# The command line was:  stat -@ 16 /media/mother/VernalBucket/hirundo/bam/RS_4.bam
# CHK, Checksum	[2]Read Names	[3]Sequences	[4]Qualities
# CHK, CRC32 of reads which passed filtering followed by addition (32bit overflow)
CHK	d7be4de2	e28e2d91	0e4300bf
# Summary Numbers. Use `grep ^SN | cut -f 2-` to extract this part.
SN	raw total sequences:	54092608
SN	filtered sequences:	0
SN	sequences:	54092608
SN	is sorted:	1
SN	1st fragments:	54092608
SN	last fragments:	0
SN	reads mapped:	52924925
SN	reads mapped and paired:	0	# paired-end technology bit set + both mates mapped
SN	reads unmapped:	1167683
SN	reads properly paired:	0	# proper-pair bit set
SN	reads paired:	0	# paired-end technology bit set
SN	reads duplicated:	0	# PCR or optical duplicate bit set
SN	reads MQ0:	5416172	# mapped and MQ=0
SN	reads QC failed:	0
SN	non-primary alignments:	0
SN	total length:	8111334962	# ignores clipping
SN	total first fragment length:	8111334962	# ignores clipping
SN	total last fragment length:	0	# ignores clipping
SN	bases mapped:	7936263540	# ignores clipping
SN	bases mapped (cigar):	7875163513	# more accurate
SN	bases trimmed:	0
SN	bases duplicated:	0
SN	mismatches:	108708042	# from NM fields
SN	error rate:	1.380391e-02	# mismatches / bases mapped (cigar)
SN	average length:	149
SN	average first fragment length:	150
SN	average last fragment length:	0
SN	maximum length:	150
SN	maximum first fragment length:	150
SN	maximum last fragment length:	0
SN	average quality:	36.3
SN	insert size average:	0.0
SN	insert size standard deviation:	0.0
SN	inward oriented pairs:	0
SN	outward oriented pairs:	0
SN	pairs with other orientation:	0
SN	pairs on different chromosomes:	0
SN	percentage of properly paired reads (%):	0.0
# First Fragment Qualities. Use `grep ^FFQ | cut -f 2-` to extract this part.
# Columns correspond to qualities and rows to cycles. First column is the cycle number.
FFQ	1	0	0	0	0	0	0	0	0	0	0	0	0	0	0	0	0	0	0	0	0	0	0	0	0	0	817467	0	0	0	0	0	0	0	0	0	0	0	53275141	0
FFQ	2	0	0	1361	0	0	0	0	0	0	0	0	395012	0	0	0	0	0	0	0	0	0	0	0	0	0	960016	0	0	0	0	0	0	0	0	0	0	0	52736219	0
FFQ	3	0	0	1038	0	0	0	0	0	0	0	0	306323	0	0	0	0	0	0	0	0	0	0	0	0	0	844111	0	0	0	0	0	0	0	0	0	0	0	52941136	0
FFQ	4	0	0	0	0	0	0	0	0	0	0	0	327918	0	0	0	0	0	0	0	0	0	0	0	0	0	916072	0	0	0	0	0	0	0	0	0	0	0	52848618	0
FFQ	5	0	0	0	0	0	0	0	0	0	0	0	260025	0	0	0	0	0	0	0	0	0	0	0	0	0	892696	0	0	0	0	0	0	0	0	0	0	0	52939887	0
FFQ	6	0	0	2	0	0	0	0	0	0	0	0	209987	0	0	0	0	0	0	0	0	0	0	0	0	0	790302	0	0	0	0	0	0	0	0	0	0	0	53092317	0
FFQ	7	0	0	0	0	0	0	0	0	0	0	0	238251	0	0	0	0	0	0	0	0	0	0	0	0	0	837567	0	0	0	0	0	0	0	0	0	0	0	53016790	0
FFQ	8	0	0	0	0	0	0	0	0	0	0	0	239847	0	0	0	0	0	0	0	0	0	0	0	0	0	866535	0	0	0	0	0	0	0	0	0	0	0	52986226	0
FFQ	9	0	0	0	0	0	0	0	0	0	0	0	230446	0	0	0	0	0	0	0	0	0	0	0	0	0	735402	0	0	0	0	0	0	0	0	0	0	0	53126760	0
FFQ	10	0	0	0	0	0	0	0	0	0	0	0	269313	0	0	0	0	0	0	0	0	0	0	0	0	0	947363	0	0	0	0	0	0	0	0	0	0	0	52875932	0
FFQ	11	0	0	0	0	0	0	0	0	0	0	0	242957	0	0	0	0	0	0	0	0	0	0	0	0	0	817259	0	0	0	0	0	0	0	0	0	0	0	53032392	0
FFQ	12	0	0	0	0	0	0	0	0	0	0	0	272781	0	0	0	0	0	0	0	0	0	0	0	0	0	929458	0	0	0	0	0	0	0	0	0	0	0	52890369	0
FFQ	13	0	0	0	0	0	0	0	0	0	0	0	247354	0	0	0	0	0	0	0	0	0	0	0	0	0	830849	0	0	0	0	0	0	0	0	0	0	0	53014405	0
FFQ	14	0	0	0	0	0	0	0	0	0	0	0	257345	0	0	0	0	0	0	0	0	0	0	0	0	0	866525	0	0	0	0	0	0	0	0	0	0	0	52968738	0
FFQ	15	0	0	0	0	0	0	0	0	0	0	0	262750	0	0	0	0	0	0	0	0	0	0	0	0	0	907045	0	0	0	0	0	0	0	0	0	0	0	52922813	0
FFQ	16	0	0	0	0	0	0	0	0	0	0	0	271387	0	0	0	0	0	0	0	0	0	0	0	0	0	948052	0	0	0	0	0	0	0	0	0	0	0	52873169	0
FFQ	17	0	0	3	0	0	0	0	0	0	0	0	289279	0	0	0	0	0	0	0	0	0	0	0	0	0	998235	0	0	0	0	0	0	0	0	0	0	0	52805091	0
FFQ	18	0	0	345	0	0	0	0	0	0	0	0	290608	0	0	0	0	0	0	0	0	0	0	0	0	0	1009497	0	0	0	0	0	0	0	0	0	0	0	52792158	0
FFQ	19	0	0	0	0	0	0	0	0	0	0	0	288943	0	0	0	0	0	0	0	0	0	0	0	0	0	996872	0	0	0	0	0	0	0	0	0	0	0	52806793	0
FFQ	20	0	0	0	0	0	0	0	0	0	0	0	281477	0	0	0	0	0	0	0	0	0	0	0	0	0	978620	0	0	0	0	0	0	0	0	0	0	0	52832511	0
FFQ	21	0	0	0	0	0	0	0	0	0	0	0	292922	0	0	0	0	0	0	0	0	0	0	0	0	0	1009468	0	0	0	0	0	0	0	0	0	0	0	52790218	0
FFQ	22	0	0	0	0	0	0	0	0	0	0	0	288202	0	0	0	0	0	0	0	0	0	0	0	0	0	999022	0	0	0	0	0	0	0	0	0	0	0	52805384	0
FFQ	23	0	0	0	0	0	0	0	0	0	0	0	287151	0	0	0	0	0	0	0	0	0	0	0	0	0	1001162	0	0	0	0	0	0	0	0	0	0	0	52804295	0
FFQ	24	0	0	0	0	0	0	0	0	0	0	0	300290	0	0	0	0	0	0	0	0	0	0	0	0	0	1022567	0	0	0	0	0	0	0	0	0	0	0	52769751	0
FFQ	25	0	0	0	0	0	0	0	0	0	0	0	311201	0	0	0	0	0	0	0	0	0	0	0	0	0	1047023	0	0	0	0	0	0	0	0	0	0	0	52734384	0
FFQ	26	0	0	0	0	0	0	0	0	0	0	0	326304	0	0	0	0	0	0	0	0	0	0	0	0	0	1052050	0	0	0	0	0	0	0	0	0	0	0	52714254	0
FFQ	27	0	0	0	0	0	0	0	0	0	0	0	327622	0	0	0	0	0	0	0	0	0	0	0	0	0	1059474	0	0	0	0	0	0	0	0	0	0	0	52705512	0
FFQ	28	0	0	0	0	0	0	0	0	0	0	0	324773	0	0	0	0	0	0	0	0	0	0	0	0	0	1054147	0	0	0	0	0	0	0	0	0	0	0	52713688	0
FFQ	29	0	0	0	0	0	0	0	0	0	0	0	332761	0	0	0	0	0	0	0	0	0	0	0	0	0	1067950	0	0	0	0	0	0	0	0	0	0	0	52691897	0
FFQ	30	0	0	0	0	0	0	0	0	0	0	0	331634	0	0	0	0	0	0	0	0	0	0	0	0	0	1070733	0	0	0	0	0	0	0	0	0	0	0	52690241	0
FFQ	31	0	0	0	0	0	0	0	0	0	0	0	334266	0	0	0	0	0	0	0	0	0	0	0	0	0	1070157	0	0	0	0	0	0	0	0	0	0	0	52688185	0
FFQ	32	0	0	0	0	0	0	0	0	0	0	0	340288	0	0	0	0	0	0	0	0	0	0	0	0	0	1090374	0	0	0	0	0	0	0	0	0	0	0	52661946	0
FFQ	33	0	0	0	0	0	0	0	0	0	0	0	340310	0	0	0	0	0	0	0	0	0	0	0	0	0	1087581	0	0	0	0	0	0	0	0	0	0	0	52664715	0
FFQ	34	0	0	0	0	0	0	0	0	0	0	0	343303	0	0	0	0	0	0	0	0	0	0	0	0	0	1098607	0	0	0	0	0	0	0	0	0	0	0	52650694	0
FFQ	35	0	0	0	0	0	0	0	0	0	0	0	344965	0	0	0	0	0	0	0	0	0	0	0	0	0	1100466	0	0	0	0	0	0	0	0	0	0	0	52647173	0
FFQ	36	0	0	0	0	0	0	0	0	0	0	0	353913	0	0	0	0	0	0	0	0	0	0	0	0	0	1119518	0	0	0	0	0	0	0	0	0	0	0	52619173	0
FFQ	37	0	0	0	0	0	0	0	0	0	0	0	364153	0	0	0	0	0	0	0	0	0	0	0	0	0	1127940	0	0	0	0	0	0	0	0	0	0	0	52600511	0
FFQ	38	0	0	0	0	0	0	0	0	0	0	0	378948	0	0	0	0	0	0	0	0	0	0	0	0	0	1164362	0	0	0	0	0	0	0	0	0	0	0	52549294	0
FFQ	39	0	0	0	0	0	0	0	0	0	0	0	369846	0	0	0	0	0	0	0	0	0	0	0	0	0	1147262	0	0	0	0	0	0	0	0	0	0	0	52575493	0
FFQ	40	0	0	1	0	0	0	0	0	0	0	0	372694	0	0	0	0	0	0	0	0	0	0	0	0	0	1154748	0	0	0	0	0	0	0	0	0	0	0	52565157	0
FFQ	41	0	0	3	0	0	0	0	0	0	0	0	391083	0	0	0	0	0	0	0	0	0	0	0	0	0	1195436	0	0	0	0	0	0	0	0	0	0	0	52506078	0
FFQ	42	0	0	26	0	0	0	0	0	0	0	0	394652	0	0	0	0	0	0	0	0	0	0	0	0	0	1209714	0	0	0	0	0	0	0	0	0	0	0	52488207	0
FFQ	43	0	0	307	0	0	0	0	0	0	0	0	421892	0	0	0	0	0	0	0	0	0	0	0	0	0	1258011	0	0	0	0	0	0	0	0	0	0	0	52412389	0
FFQ	44	0	0	0	0	0	0	0	0	0	0	0	411771	0	0	0	0	0	0	0	0	0	0	0	0	0	1239159	0	0	0	0	0	0	0	0	0	0	0	52441669	0
FFQ	45	0	0	0	0	0	0	0	0	0	0	0	413808	0	0	0	0	0	0	0	0	0	0	0	0	0	1245509	0	0	0	0	0	0	0	0	0	0	0	52433281	0
FFQ	46	0	0	0	0	0	0	0	0	0	0	0	420117	0	0	0	0	0	0	0	0	0	0	0	0	0	1247402	0	0	0	0	0	0	0	0	0	0	0	52425079	0
FFQ	47	0	0	0	0	0	0	0	0	0	0	0	407111	0	0	0	0	0	0	0	0	0	0	0	0	0	1226361	0	0	0	0	0	0	0	0	0	0	0	52459123	0
FFQ	48	0	0	0	0	0	0	0	0	0	0	0	397994	0	0	0	0	0	0	0	0	0	0	0	0	0	1206546	0	0	0	0	0	0	0	0	0	0	0	52488053	0
FFQ	49	0	0	0	0	0	0	0	0	0	0	0	398227	0	0	0	0	0	0	0	0	0	0	0	0	0	1206068	0	0	0	0	0	0	0	0	0	0	0	52488297	0
FFQ	50	0	0	0	0	0	0	0	0	0	0	0	412297	0	0	0	0	0	0	0	0	0	0	0	0	0	1237438	0	0	0	0	0	0	0	0	0	0	0	52442855	0
FFQ	51	0	0	0	0	0	0	0	0	0	0	0	406717	0	0	0	0	0	0	0	0	0	0	0	0	0	1219747	0	0	0	0	0	0	0	0	0	0	0	52466125	0
FFQ	52	0	0	0	0	0	0	0	0	0	0	0	405974	0	0	0	0	0	0	0	0	0	0	0	0	0	1222386	0	0	0	0	0	0	0	0	0	0	0	52464228	0
FFQ	53	0	0	0	0	0	0	0	0	0	0	0	411754	0	0	0	0	0	0	0	0	0	0	0	0	0	1233183	0	0	0	0	0	0	0	0	0	0	0	52447648	0
FFQ	54	0	0	0	0	0	0	0	0	0	0	0	410919	0	0	0	0	0	0	0	0	0	0	0	0	0	1234718	0	0	0	0	0	0	0	0	0	0	0	52446947	0
FFQ	55	0	0	0	0	0	0	0	0	0	0	0	437753	0	0	0	0	0	0	0	0	0	0	0	0	0	1291765	0	0	0	0	0	0	0	0	0	0	0	52363064	0
FFQ	56	0	0	0	0	0	0	0	0	0	0	0	461177	0	0	0	0	0	0	0	0	0	0	0	0	0	1317140	0	0	0	0	0	0	0	0	0	0	0	52314262	0
FFQ	57	0	0	0	0	0	0	0	0	0	0	0	451898	0	0	0	0	0	0	0	0	0	0	0	0	0	1320377	0	0	0	0	0	0	0	0	0	0	0	52320300	0
FFQ	58	0	0	0	0	0	0	0	0	0	0	0	438429	0	0	0	0	0	0	0	0	0	0	0	0	0	1289600	0	0	0	0	0	0	0	0	0	0	0	52364544	0
FFQ	59	0	0	0	0	0	0	0	0	0	0	0	431307	0	0	0	0	0	0	0	0	0	0	0	0	0	1267669	0	0	0	0	0	0	0	0	0	0	0	52393595	0
FFQ	60	0	0	0	0	0	0	0	0	0	0	0	438716	0	0	0	0	0	0	0	0	0	0	0	0	0	1289582	0	0	0	0	0	0	0	0	0	0	0	52364272	0
FFQ	61	0	0	0	0	0	0	0	0	0	0	0	475719	0	0	0	0	0	0	0	0	0	0	0	0	0	1362221	0	0	0	0	0	0	0	0	0	0	0	52254628	0
FFQ	62	0	0	0	0	0	0	0	0	0	0	0	475028	0	0	0	0	0	0	0	0	0	0	0	0	0	1359072	0	0	0	0	0	0	0	0	0	0	0	52258466	0
FFQ	63	0	0	0	0	0	0	0	0	0	0	0	465297	0	0	0	0	0	0	0	0	0	0	0	0	0	1335459	0	0	0	0	0	0	0	0	0	0	0	52291809	0
FFQ	64	0	0	0	0	0	0	0	0	0	0	0	495659	0	0	0	0	0	0	0	0	0	0	0	0	0	1396295	0	0	0	0	0	0	0	0	0	0	0	52200609	0
FFQ	65	0	0	14	0	0	0	0	0	0	0	0	511492	0	0	0	0	0	0	0	0	0	0	0	0	0	1428284	0	0	0	0	0	0	0	0	0	0	0	52152771	0
FFQ	66	0	0	65	0	0	0	0	0	0	0	0	508409	0	0	0	0	0	0	0	0	0	0	0	0	0	1426067	0	0	0	0	0	0	0	0	0	0	0	52158018	0
FFQ	67	0	0	556	0	0	0	0	0	0	0	0	518467	0	0	0	0	0	0	0	0	0	0	0	0	0	1435735	0	0	0	0	0	0	0	0	0	0	0	52137799	0
FFQ	68	0	0	0	0	0	0	0	0	0	0	0	508394	0	0	0	0	0	0	0	0	0	0	0	0	0	1419057	0	0	0	0	0	0	0	0	0	0	0	52165104	0
FFQ	69	0	0	0	0	0	0	0	0	0	0	0	519158	0	0	0	0	0	0	0	0	0	0	0	0	0	1437888	0	0	0	0	0	0	0	0	0	0	0	52135506	0
FFQ	70	0	0	3	0	0	0	0	0	0	0	0	513157	0	0	0	0	0	0	0	0	0	0	0	0	0	1430072	0	0	0	0	0	0	0	0	0	0	0	52149319	0
FFQ	71	0	0	0	0	0	0	0	0	0	0	0	556435	0	0	0	0	0	0	0	0	0	0	0	0	0	1514694	0	0	0	0	0	0	0	0	0	0	0	52021420	0
FFQ	72	0	0	0	0	0	0	0	0	0	0	0	542439	0	0	0	0	0	0	0	0	0	0	0	0	0	1480282	0	0	0	0	0	0	0	0	0	0	0	52069826	0
FFQ	73	0	0	0	0	0	0	0	0	0	0	0	526900	0	0	0	0	0	0	0	0	0	0	0	0	0	1447997	0	0	0	0	0	0	0	0	0	0	0	52117648	0
FFQ	74	0	0	0	0	0	0	0	0	0	0	0	546379	0	0	0	0	0	0	0	0	0	0	0	0	0	1484543	0	0	0	0	0	0	0	0	0	0	0	52061622	0
FFQ	75	0	0	0	0	0	0	0	0	0	0	0	567515	0	0	0	0	0	0	0	0	0	0	0	0	0	1521908	0	0	0	0	0	0	0	0	0	0	0	52003118	0
FFQ	76	0	0	0	0	0	0	0	0	0	0	0	547585	0	0	0	0	0	0	0	0	0	0	0	0	0	1484251	0	0	0	0	0	0	0	0	0	0	0	52060703	0
FFQ	77	0	0	0	0	0	0	0	0	0	0	0	575596	0	0	0	0	0	0	0	0	0	0	0	0	0	1502635	0	0	0	0	0	0	0	0	0	0	0	52014302	0
FFQ	78	0	0	0	0	0	0	0	0	0	0	0	549631	0	0	0	0	0	0	0	0	0	0	0	0	0	1486406	0	0	0	0	0	0	0	0	0	0	0	52056491	0
FFQ	79	0	0	0	0	0	0	0	0	0	0	0	598160	0	0	0	0	0	0	0	0	0	0	0	0	0	1571631	0	0	0	0	0	0	0	0	0	0	0	51922734	0
FFQ	80	0	0	0	0	0	0	0	0	0	0	0	621580	0	0	0	0	0	0	0	0	0	0	0	0	0	1620501	0	0	0	0	0	0	0	0	0	0	0	51850438	0
FFQ	81	0	0	0	0	0	0	0	0	0	0	0	595855	0	0	0	0	0	0	0	0	0	0	0	0	0	1570762	0	0	0	0	0	0	0	0	0	0	0	51925897	0
FFQ	82	0	0	0	0	0	0	0	0	0	0	0	601326	0	0	0	0	0	0	0	0	0	0	0	0	0	1559057	0	0	0	0	0	0	0	0	0	0	0	51932127	0
FFQ	83	0	0	0	0	0	0	0	0	0	0	0	606728	0	0	0	0	0	0	0	0	0	0	0	0	0	1586595	0	0	0	0	0	0	0	0	0	0	0	51899182	0
FFQ	84	0	0	1	0	0	0	0	0	0	0	0	652118	0	0	0	0	0	0	0	0	0	0	0	0	0	1656033	0	0	0	0	0	0	0	0	0	0	0	51784348	0
FFQ	85	0	0	0	0	0	0	0	0	0	0	0	606455	0	0	0	0	0	0	0	0	0	0	0	0	0	1572422	0	0	0	0	0	0	0	0	0	0	0	51913620	0
FFQ	86	0	0	0	0	0	0	0	0	0	0	0	586204	0	0	0	0	0	0	0	0	0	0	0	0	0	1531433	0	0	0	0	0	0	0	0	0	0	0	51974854	0
FFQ	87	0	0	0	0	0	0	0	0	0	0	0	609195	0	0	0	0	0	0	0	0	0	0	0	0	0	1565645	0	0	0	0	0	0	0	0	0	0	0	51917647	0
FFQ	88	0	0	0	0	0	0	0	0	0	0	0	621535	0	0	0	0	0	0	0	0	0	0	0	0	0	1598765	0	0	0	0	0	0	0	0	0	0	0	51872181	0
FFQ	89	0	0	25	0	0	0	0	0	0	0	0	642461	0	0	0	0	0	0	0	0	0	0	0	0	0	1632289	0	0	0	0	0	0	0	0	0	0	0	51817699	0
FFQ	90	0	0	6	0	0	0	0	0	0	0	0	641451	0	0	0	0	0	0	0	0	0	0	0	0	0	1626571	0	0	0	0	0	0	0	0	0	0	0	51824444	0
FFQ	91	0	0	7	0	0	0	0	0	0	0	0	665259	0	0	0	0	0	0	0	0	0	0	0	0	0	1660162	0	0	0	0	0	0	0	0	0	0	0	51767039	0
FFQ	92	0	0	115	0	0	0	0	0	0	0	0	707757	0	0	0	0	0	0	0	0	0	0	0	0	0	1736635	0	0	0	0	0	0	0	0	0	0	0	51647949	0
FFQ	93	0	0	34	0	0	0	0	0	0	0	0	722672	0	0	0	0	0	0	0	0	0	0	0	0	0	1758034	0	0	0	0	0	0	0	0	0	0	0	51611708	0
FFQ	94	0	0	0	0	0	0	0	0	0	0	0	719079	0	0	0	0	0	0	0	0	0	0	0	0	0	1744034	0	0	0	0	0	0	0	0	0	0	0	51629328	0
FFQ	95	0	0	0	0	0	0	0	0	0	0	0	731123	0	0	0	0	0	0	0	0	0	0	0	0	0	1770147	0	0	0	0	0	0	0	0	0	0	0	51591165	0
FFQ	96	0	0	0	0	0	0	0	0	0	0	0	704117	0	0	0	0	0	0	0	0	0	0	0	0	0	1712163	0	0	0	0	0	0	0	0	0	0	0	51676144	0
FFQ	97	0	0	0	0	0	0	0	0	0	0	0	662935	0	0	0	0	0	0	0	0	0	0	0	0	0	1633071	0	0	0	0	0	0	0	0	0	0	0	51796409	0
FFQ	98	0	0	0	0	0	0	0	0	0	0	0	683771	0	0	0	0	0	0	0	0	0	0	0	0	0	1662324	0	0	0	0	0	0	0	0	0	0	0	51746309	0
FFQ	99	0	0	0	0	0	0	0	0	0	0	0	715750	0	0	0	0	0	0	0	0	0	0	0	0	0	1719344	0	0	0	0	0	0	0	0	0	0	0	51657301	0
FFQ	100	0	0	0	0	0	0	0	0	0	0	0	743231	0	0	0	0	0	0	0	0	0	0	0	0	0	1759465	0	0	0	0	0	0	0	0	0	0	0	51589692	0
FFQ	101	0	0	0	0	0	0	0	0	0	0	0	747371	0	0	0	0	0	0	0	0	0	0	0	0	0	1759214	0	0	0	0	0	0	0	0	0	0	0	51585791	0
FFQ	102	0	0	0	0	0	0	0	0	0	0	0	779227	0	0	0	0	0	0	0	0	0	0	0	0	0	1816222	0	0	0	0	0	0	0	0	0	0	0	51496917	0
FFQ	103	0	0	0	0	0	0	0	0	0	0	0	763326	0	0	0	0	0	0	0	0	0	0	0	0	0	1777471	0	0	0	0	0	0	0	0	0	0	0	51551553	0
FFQ	104	0	0	0	0	0	0	0	0	0	0	0	769151	0	0	0	0	0	0	0	0	0	0	0	0	0	1784507	0	0	0	0	0	0	0	0	0	0	0	51538677	0
FFQ	105	0	0	0	0	0	0	0	0	0	0	0	853554	0	0	0	0	0	0	0	0	0	0	0	0	0	1928215	0	0	0	0	0	0	0	0	0	0	0	51310550	0
FFQ	106	0	0	0	0	0	0	0	0	0	0	0	900522	0	0	0	0	0	0	0	0	0	0	0	0	0	2002577	0	0	0	0	0	0	0	0	0	0	0	51189207	0
FFQ	107	0	0	0	0	0	0	0	0	0	0	0	841584	0	0	0	0	0	0	0	0	0	0	0	0	0	1891427	0	0	0	0	0	0	0	0	0	0	0	51359277	0
FFQ	108	0	0	0	0	0	0	0	0	0	0	0	816040	0	0	0	0	0	0	0	0	0	0	0	0	0	1846724	0	0	0	0	0	0	0	0	0	0	0	51429509	0
FFQ	109	0	0	0	0	0	0	0	0	0	0	0	866717	0	0	0	0	0	0	0	0	0	0	0	0	0	1924459	0	0	0	0	0	0	0	0	0	0	0	51301069	0
FFQ	110	0	0	0	0	0	0	0	0	0	0	0	844860	0	0	0	0	0	0	0	0	0	0	0	0	0	1883534	0	0	0	0	0	0	0	0	0	0	0	51363836	0
FFQ	111	0	0	0	0	0	0	0	0	0	0	0	872667	0	0	0	0	0	0	0	0	0	0	0	0	0	1927282	0	0	0	0	0	0	0	0	0	0	0	51292249	0
FFQ	112	0	0	0	0	0	0	0	0	0	0	0	886453	0	0	0	0	0	0	0	0	0	0	0	0	0	1939876	0	0	0	0	0	0	0	0	0	0	0	51265845	0
FFQ	113	0	0	0	0	0	0	0	0	0	0	0	922481	0	0	0	0	0	0	0	0	0	0	0	0	0	1990112	0	0	0	0	0	0	0	0	0	0	0	51179546	0
FFQ	114	0	0	1	0	0	0	0	0	0	0	0	986226	0	0	0	0	0	0	0	0	0	0	0	0	0	2098139	0	0	0	0	0	0	0	0	0	0	0	51007731	0
FFQ	115	0	0	94	0	0	0	0	0	0	0	0	989240	0	0	0	0	0	0	0	0	0	0	0	0	0	2096867	0	0	0	0	0	0	0	0	0	0	0	51005857	0
FFQ	116	0	0	68	0	0	0	0	0	0	0	0	1010239	0	0	0	0	0	0	0	0	0	0	0	0	0	2141872	0	0	0	0	0	0	0	0	0	0	0	50939832	0
FFQ	117	0	0	536	0	0	0	0	0	0	0	0	1098807	0	0	0	0	0	0	0	0	0	0	0	0	0	2262498	0	0	0	0	0	0	0	0	0	0	0	50730120	0
FFQ	118	0	0	25	0	0	0	0	0	0	0	0	976989	0	0	0	0	0	0	0	0	0	0	0	0	0	2054562	0	0	0	0	0	0	0	0	0	0	0	51060336	0
FFQ	119	0	0	15	0	0	0	0	0	0	0	0	991731	0	0	0	0	0	0	0	0	0	0	0	0	0	2080496	0	0	0	0	0	0	0	0	0	0	0	51019628	0
FFQ	120	0	0	0	0	0	0	0	0	0	0	0	1039196	0	0	0	0	0	0	0	0	0	0	0	0	0	2148370	0	0	0	0	0	0	0	0	0	0	0	50904240	0
FFQ	121	0	0	0	0	0	0	0	0	0	0	0	988811	0	0	0	0	0	0	0	0	0	0	0	0	0	2056030	0	0	0	0	0	0	0	0	0	0	0	51046896	0
FFQ	122	0	0	0	0	0	0	0	0	0	0	0	1051172	0	0	0	0	0	0	0	0	0	0	0	0	0	2150254	0	0	0	0	0	0	0	0	0	0	0	50890244	0
FFQ	123	0	0	0	0	0	0	0	0	0	0	0	1028326	0	0	0	0	0	0	0	0	0	0	0	0	0	2112476	0	0	0	0	0	0	0	0	0	0	0	50950785	0
FFQ	124	0	0	0	0	0	0	0	0	0	0	0	1063562	0	0	0	0	0	0	0	0	0	0	0	0	0	2163861	0	0	0	0	0	0	0	0	0	0	0	50864074	0
FFQ	125	0	0	2	0	0	0	0	0	0	0	0	1102391	0	0	0	0	0	0	0	0	0	0	0	0	0	2223290	0	0	0	0	0	0	0	0	0	0	0	50765708	0
FFQ	126	0	0	0	0	0	0	0	0	0	0	0	1076920	0	0	0	0	0	0	0	0	0	0	0	0	0	2184468	0	0	0	0	0	0	0	0	0	0	0	50829918	0
FFQ	127	0	0	0	0	0	0	0	0	0	0	0	1084872	0	0	0	0	0	0	0	0	0	0	0	0	0	2181315	0	0	0	0	0	0	0	0	0	0	0	50825009	0
FFQ	128	0	0	0	0	0	0	0	0	0	0	0	1145312	0	0	0	0	0	0	0	0	0	0	0	0	0	2286118	0	0	0	0	0	0	0	0	0	0	0	50659642	0
FFQ	129	0	0	1	0	0	0	0	0	0	0	0	1230104	0	0	0	0	0	0	0	0	0	0	0	0	0	2407540	0	0	0	0	0	0	0	0	0	0	0	50453248	0
FFQ	130	0	0	0	0	0	0	0	0	0	0	0	1184975	0	0	0	0	0	0	0	0	0	0	0	0	0	2334325	0	0	0	0	0	0	0	0	0	0	0	50571402	0
FFQ	131	0	0	0	0	0	0	0	0	0	0	0	1109725	0	0	0	0	0	0	0	0	0	0	0	0	0	2201638	0	0	0	0	0	0	0	0	0	0	0	50779131	0
FFQ	132	0	0	0	0	0	0	0	0	0	0	0	1120005	0	0	0	0	0	0	0	0	0	0	0	0	0	2221473	0	0	0	0	0	0	0	0	0	0	0	50748787	0
FFQ	133	0	0	0	0	0	0	0	0	0	0	0	1193938	0	0	0	0	0	0	0	0	0	0	0	0	0	2315960	0	0	0	0	0	0	0	0	0	0	0	50580086	0
FFQ	134	0	0	0	0	0	0	0	0	0	0	0	1213073	0	0	0	0	0	0	0	0	0	0	0	0	0	2355213	0	0	0	0	0	0	0	0	0	0	0	50521396	0
FFQ	135	0	0	0	0	0	0	0	0	0	0	0	1167168	0	0	0	0	0	0	0	0	0	0	0	0	0	2272460	0	0	0	0	0	0	0	0	0	0	0	50649667	0
FFQ	136	0	0	0	0	0	0	0	0	0	0	0	1164946	0	0	0	0	0	0	0	0	0	0	0	0	0	2266037	0	0	0	0	0	0	0	0	0	0	0	50657876	0
FFQ	137	0	0	0	0	0	0	0	0	0	0	0	1332549	0	0	0	0	0	0	0	0	0	0	0	0	0	2514525	0	0	0	0	0	0	0	0	0	0	0	50241194	0
FFQ	138	0	0	7	0	0	0	0	0	0	0	0	1384540	0	0	0	0	0	0	0	0	0	0	0	0	0	2584074	0	0	0	0	0	0	0	0	0	0	0	50118907	0
FFQ	139	0	0	169	0	0	0	0	0	0	0	0	1411883	0	0	0	0	0	0	0	0	0	0	0	0	0	2637230	0	0	0	0	0	0	0	0	0	0	0	50037284	0
FFQ	140	0	0	19	0	0	0	0	0	0	0	0	1399461	0	0	0	0	0	0	0	0	0	0	0	0	0	2614207	0	0	0	0	0	0	0	0	0	0	0	50071630	0
FFQ	141	0	0	280	0	0	0	0	0	0	0	0	1307084	0	0	0	0	0	0	0	0	0	0	0	0	0	2461410	0	0	0	0	0	0	0	0	0	0	0	50314731	0
FFQ	142	0	0	337	0	0	0	0	0	0	0	0	1254987	0	0	0	0	0	0	0	0	0	0	0	0	0	2378047	0	0	0	0	0	0	0	0	0	0	0	50447935	0
FFQ	143	0	0	265	0	0	0	0	0	0	0	0	1353479	0	0	0	0	0	0	0	0	0	0	0	0	0	2537781	0	0	0	0	0	0	0	0	0	0	0	50186450	0
FFQ	144	0	0	37	0	0	0	0	0	0	0	0	1462306	0	0	0	0	0	0	0	0	0	0	0	0	0	2693327	0	0	0	0	0	0	0	0	0	0	0	49916988	0
FFQ	145	0	0	0	0	0	0	0	0	0	0	0	1472252	0	0	0	0	0	0	0	0	0	0	0	0	0	2704709	0	0	0	0	0	0	0	0	0	0	0	49886912	0
FFQ	146	0	0	0	0	0	0	0	0	0	0	0	1403507	0	0	0	0	0	0	0	0	0	0	0	0	0	2616995	0	0	0	0	0	0	0	0	0	0	0	50028023	0
FFQ	147	0	0	0	0	0	0	0	0	0	0	0	1272809	0	0	0	0	0	0	0	0	0	0	0	0	0	2474956	0	0	0	0	0	0	0	0	0	0	0	50271315	0
FFQ	148	0	0	0	0	0	0	0	0	0	0	0	1281106	0	0	0	0	0	0	0	0	0	0	0	0	0	2580421	0	0	0	0	0	0	0	0	0	0	0	50088602	0
FFQ	149	0	0	0	0	0	0	0	0	0	0	0	1116150	0	0	0	0	0	0	0	0	0	0	0	0	0	2608739	0	0	0	0	0	0	0	0	0	0	0	49991268	0
FFQ	150	0	0	0	0	0	0	0	0	0	0	0	0	0	0	0	0	0	0	0	0	0	0	0	0	0	2539972	0	0	0	0	0	0	0	0	0	0	0	49782946	0
# Last Fragment Qualities. Use `grep ^LFQ | cut -f 2-` to extract this part.
# Columns correspond to qualities and rows to cycles. First column is the cycle number.
# GC Content of first fragments. Use `grep ^GCF | cut -f 2-` to extract this part.
GCF	0.25	3
GCF	0.75	9
GCF	1.26	15
GCF	1.76	4
GCF	2.26	2
GCF	2.76	15
GCF	3.27	22
GCF	3.77	20
GCF	4.27	22
GCF	4.77	18
GCF	5.28	37
GCF	5.78	44
GCF	6.28	57
GCF	6.78	98
GCF	7.29	111
GCF	7.79	131
GCF	8.29	133
GCF	8.79	168
GCF	9.30	203
GCF	9.80	219
GCF	10.30	245
GCF	10.80	314
GCF	11.31	379
GCF	11.81	488
GCF	12.31	508
GCF	12.81	574
GCF	13.32	778
GCF	13.82	900
GCF	14.32	964
GCF	14.82	1231
GCF	15.33	1593
GCF	15.83	1901
GCF	16.33	1999
GCF	16.83	2633
GCF	17.34	3155
GCF	17.84	3879
GCF	18.34	4164
GCF	18.84	5164
GCF	19.35	6908
GCF	19.85	9041
GCF	20.35	9402
GCF	20.85	11905
GCF	21.36	16545
GCF	21.86	22032
GCF	22.36	22640
GCF	22.86	30769
GCF	23.37	42300
GCF	23.87	56277
GCF	24.37	57278
GCF	24.87	78717
GCF	25.38	104542
GCF	25.88	134994
GCF	26.38	136597
GCF	26.88	178633
GCF	27.39	231551
GCF	27.89	292181
GCF	28.39	294562
GCF	28.89	367631
GCF	29.40	452622
GCF	29.90	542480
GCF	30.40	545266
GCF	30.90	643212
GCF	31.41	744969
GCF	31.91	842951
GCF	32.41	845476
GCF	32.91	952753
GCF	33.42	1044816
GCF	33.92	1137546
GCF	34.42	1221712
GCF	34.92	1223047
GCF	35.43	1300303
GCF	35.93	1367665
GCF	36.43	1423370
GCF	36.93	1423755
GCF	37.44	1463716
GCF	37.94	1491579
GCF	38.44	1501758
GCF	38.94	1501512
GCF	39.45	1498644
GCF	39.95	1497897
GCF	40.45	1480028
GCF	40.95	1479195
GCF	41.46	1452835
GCF	41.96	1429552
GCF	42.46	1397597
GCF	42.96	1396901
GCF	43.47	1368023
GCF	43.97	1337597
GCF	44.47	1322125
GCF	44.97	1322615
GCF	45.48	1329986
GCF	45.98	1343033
GCF	46.48	1338787
GCF	46.98	1338238
GCF	47.49	1279023
GCF	47.99	1196244
GCF	48.49	1129325
GCF	48.99	1128601
GCF	49.50	1096854
GCF	50.00	1065130
GCF	50.50	1045832
GCF	51.01	1046174
GCF	51.51	1044368
GCF	52.01	1005532
GCF	52.51	971602
GCF	53.02	970373
GCF	53.52	923706
GCF	54.02	834431
GCF	54.52	741844
GCF	55.03	739525
GCF	55.53	679360
GCF	56.03	624291
GCF	56.53	573111
GCF	57.04	571177
GCF	57.54	521096
GCF	58.04	477578
GCF	58.54	441054
GCF	59.05	439725
GCF	59.55	406086
GCF	60.05	375942
GCF	60.55	345520
GCF	61.06	344888
GCF	61.56	320354
GCF	62.06	300669
GCF	62.56	273325
GCF	63.07	272551
GCF	63.57	245414
GCF	64.07	213684
GCF	64.57	185179
GCF	65.08	184533
GCF	65.58	163685
GCF	66.08	147914
GCF	66.58	132310
GCF	67.09	115850
GCF	67.59	115405
GCF	68.09	98510
GCF	68.59	84089
GCF	69.10	71750
GCF	69.60	71272
GCF	70.10	62327
GCF	70.60	54399
GCF	71.11	46939
GCF	71.61	46726
GCF	72.11	40977
GCF	72.61	35563
GCF	73.12	31061
GCF	73.62	30914
GCF	74.12	26208
GCF	74.62	22618
GCF	75.13	19502
GCF	75.63	19451
GCF	76.13	16333
GCF	76.63	14001
GCF	77.14	11725
GCF	77.64	11658
GCF	78.14	10136
GCF	78.64	8800
GCF	79.15	7687
GCF	79.65	7648
GCF	80.15	6492
GCF	80.65	5616
GCF	81.16	4891
GCF	81.66	4875
GCF	82.16	4161
GCF	82.66	3562
GCF	83.17	3153
GCF	83.67	3131
GCF	84.17	2478
GCF	84.67	1926
GCF	85.18	1427
GCF	85.68	1407
GCF	86.18	1111
GCF	86.68	803
GCF	87.19	586
GCF	87.69	560
GCF	88.19	394
GCF	88.69	243
GCF	89.20	215
GCF	89.70	208
GCF	90.20	136
GCF	90.70	75
GCF	91.21	53
GCF	91.71	49
GCF	92.21	23
GCF	92.71	19
GCF	93.22	10
GCF	93.72	12
GCF	94.22	11
GCF	94.72	2
GCF	95.48	8
GCF	96.23	3
GCF	96.73	0
GCF	97.24	1
GCF	97.74	2
GCF	98.49	3
GCF	99.50	1
# GC Content of last fragments. Use `grep ^GCL | cut -f 2-` to extract this part.
# ACGT content per cycle. Use `grep ^GCC | cut -f 2-` to extract this part. The columns are: cycle; A,C,G,T base counts as a percentage of all A/C/G/T bases [%]; and N and O counts as a percentage of all A/C/G/T bases [%]
GCC	1	16.18	33.84	33.87	16.12	0.00	0.00
GCC	2	30.83	19.11	18.80	31.26	0.00	0.00
GCC	3	28.64	21.41	21.07	28.87	0.00	0.00
GCC	4	28.66	21.21	20.78	29.35	0.00	0.00
GCC	5	36.77	13.32	13.27	36.64	0.00	0.00
GCC	6	29.11	20.81	21.12	28.96	0.00	0.00
GCC	7	28.67	21.29	21.40	28.64	0.00	0.00
GCC	8	29.49	20.59	20.65	29.27	0.00	0.00
GCC	9	19.61	30.56	30.08	19.75	0.00	0.00
GCC	10	31.88	18.16	17.87	32.09	0.00	0.00
GCC	11	25.41	24.53	24.56	25.49	0.00	0.00
GCC	12	28.67	21.36	21.11	28.87	0.00	0.00
GCC	13	25.40	24.64	24.56	25.40	0.00	0.00
GCC	14	25.17	24.90	24.45	25.47	0.00	0.00
GCC	15	27.70	22.36	22.30	27.64	0.00	0.00
GCC	16	28.00	22.01	21.89	28.10	0.00	0.00
GCC	17	28.60	21.29	21.34	28.78	0.00	0.00
GCC	18	28.55	21.43	21.38	28.64	0.00	0.00
GCC	19	28.20	21.68	21.76	28.36	0.00	0.00
GCC	20	28.29	21.63	21.58	28.50	0.00	0.00
GCC	21	28.13	21.90	21.81	28.16	0.00	0.00
GCC	22	28.07	21.92	21.84	28.17	0.00	0.00
GCC	23	28.20	21.87	21.70	28.24	0.00	0.00
GCC	24	28.03	22.02	21.82	28.13	0.00	0.00
GCC	25	27.97	22.00	22.00	28.04	0.00	0.00
GCC	26	28.05	22.04	21.83	28.08	0.00	0.00
GCC	27	28.09	21.96	21.79	28.16	0.00	0.00
GCC	28	27.94	22.04	22.00	28.02	0.00	0.00
GCC	29	27.95	22.02	21.92	28.11	0.00	0.00
GCC	30	28.10	21.83	21.84	28.23	0.00	0.00
GCC	31	27.97	21.90	21.98	28.16	0.00	0.00
GCC	32	28.07	21.93	21.84	28.16	0.00	0.00
GCC	33	27.92	21.97	22.03	28.09	0.00	0.00
GCC	34	28.11	21.85	21.76	28.28	0.00	0.00
GCC	35	27.96	22.02	21.96	28.06	0.00	0.00
GCC	36	27.84	22.20	21.89	28.08	0.00	0.00
GCC	37	28.01	22.04	21.90	28.05	0.00	0.00
GCC	38	27.92	22.02	21.95	28.11	0.00	0.00
GCC	39	27.83	22.20	21.99	27.97	0.00	0.00
GCC	40	28.02	21.96	21.89	28.12	0.00	0.00
GCC	41	27.68	22.35	22.12	27.86	0.00	0.00
GCC	42	28.08	21.90	21.89	28.14	0.00	0.00
GCC	43	27.84	22.04	22.03	28.09	0.00	0.00
GCC	44	27.81	22.07	22.02	28.10	0.00	0.00
GCC	45	28.09	21.86	21.87	28.18	0.00	0.00
GCC	46	27.73	22.19	22.07	28.01	0.00	0.00
GCC	47	27.91	22.01	21.98	28.10	0.00	0.00
GCC	48	28.02	21.97	21.96	28.06	0.00	0.00
GCC	49	27.70	22.28	22.10	27.92	0.00	0.00
GCC	50	28.11	21.90	21.78	28.21	0.00	0.00
GCC	51	27.83	22.26	22.03	27.88	0.00	0.00
GCC	52	27.83	22.21	21.99	27.97	0.00	0.00
GCC	53	28.06	22.07	21.89	27.98	0.00	0.00
GCC	54	27.75	22.27	22.03	27.96	0.00	0.00
GCC	55	28.00	21.93	21.94	28.12	0.00	0.00
GCC	56	27.76	22.21	22.08	27.96	0.00	0.00
GCC	57	27.83	22.07	22.09	28.02	0.00	0.00
GCC	58	28.06	21.91	21.87	28.16	0.00	0.00
GCC	59	27.64	22.29	22.26	27.80	0.00	0.00
GCC	60	27.98	21.96	21.92	28.15	0.00	0.00
GCC	61	27.86	22.16	22.08	27.90	0.00	0.00
GCC	62	27.91	22.10	22.01	27.97	0.00	0.00
GCC	63	27.90	22.14	21.99	27.97	0.00	0.00
GCC	64	27.92	22.18	21.96	27.95	0.00	0.00
GCC	65	27.87	22.09	22.03	28.01	0.00	0.00
GCC	66	27.92	22.22	21.93	27.93	0.00	0.00
GCC	67	27.87	22.11	21.99	28.03	0.00	0.00
GCC	68	27.85	22.12	22.07	27.96	0.00	0.00
GCC	69	27.88	22.10	22.03	27.98	0.00	0.00
GCC	70	27.92	22.05	22.04	27.99	0.00	0.00
GCC	71	27.80	22.11	22.15	27.93	0.00	0.00
GCC	72	27.87	22.09	22.03	28.01	0.00	0.00
GCC	73	27.85	22.05	22.10	28.00	0.00	0.00
GCC	74	27.94	22.07	21.92	28.07	0.00	0.00
GCC	75	28.06	21.94	21.87	28.13	0.00	0.00
GCC	76	27.71	22.35	22.10	27.84	0.00	0.00
GCC	77	27.84	22.22	22.00	27.94	0.00	0.00
GCC	78	27.88	22.13	21.95	28.04	0.00	0.00
GCC	79	27.74	22.29	22.06	27.91	0.00	0.00
GCC	80	27.95	22.04	21.99	28.01	0.00	0.00
GCC	81	27.73	22.23	22.07	27.96	0.00	0.00
GCC	82	27.91	22.07	22.04	27.97	0.00	0.00
GCC	83	27.82	22.07	22.08	28.03	0.00	0.00
GCC	84	27.85	22.02	22.04	28.08	0.00	0.00
GCC	85	27.91	22.09	22.01	27.98	0.00	0.00
GCC	86	27.68	22.22	22.12	27.98	0.00	0.00
GCC	87	27.86	22.10	22.03	28.01	0.00	0.00
GCC	88	27.95	22.06	21.92	28.07	0.00	0.00
GCC	89	27.57	22.40	22.24	27.78	0.00	0.00
GCC	90	27.98	22.03	21.91	28.08	0.00	0.00
GCC	91	27.60	22.40	22.23	27.76	0.00	0.00
GCC	92	27.93	22.12	21.91	28.05	0.00	0.00
GCC	93	27.77	22.27	22.12	27.84	0.00	0.00
GCC	94	27.66	22.32	22.11	27.91	0.00	0.00
GCC	95	27.94	22.03	21.97	28.05	0.00	0.00
GCC	96	27.73	22.17	22.14	27.96	0.00	0.00
GCC	97	27.71	22.20	22.16	27.93	0.00	0.00
GCC	98	27.94	22.01	21.95	28.10	0.00	0.00
GCC	99	27.59	22.30	22.31	27.80	0.00	0.00
GCC	100	27.81	22.16	22.06	27.97	0.00	0.00
GCC	101	27.77	22.18	22.10	27.96	0.00	0.00
GCC	102	27.75	22.25	22.16	27.85	0.00	0.00
GCC	103	27.92	22.14	21.96	27.99	0.00	0.00
GCC	104	27.86	22.17	22.02	27.95	0.00	0.00
GCC	105	27.87	22.07	22.06	28.00	0.00	0.00
GCC	106	27.72	22.33	22.12	27.82	0.00	0.00
GCC	107	27.92	22.09	21.98	28.01	0.00	0.00
GCC	108	27.86	22.12	22.03	27.98	0.00	0.00
GCC	109	27.82	22.14	22.10	27.94	0.00	0.00
GCC	110	27.95	21.97	21.96	28.12	0.00	0.00
GCC	111	27.69	22.24	22.28	27.80	0.00	0.00
GCC	112	27.92	22.01	21.95	28.12	0.00	0.00
GCC	113	27.77	22.16	22.16	27.92	0.00	0.00
GCC	114	27.67	22.26	22.19	27.88	0.00	0.00
GCC	115	27.94	22.00	21.93	28.13	0.00	0.00
GCC	116	27.72	22.32	22.11	27.86	0.00	0.00
GCC	117	27.90	22.13	21.98	27.99	0.00	0.00
GCC	118	27.82	22.17	22.09	27.93	0.00	0.00
GCC	119	27.82	22.19	22.02	27.96	0.00	0.00
GCC	120	27.93	22.05	21.99	28.03	0.00	0.00
GCC	121	27.75	22.25	22.10	27.90	0.00	0.00
GCC	122	27.88	22.05	22.04	28.03	0.00	0.00
GCC	123	27.60	22.32	22.27	27.81	0.00	0.00
GCC	124	27.78	22.08	22.10	28.04	0.00	0.00
GCC	125	27.77	22.18	22.16	27.89	0.00	0.00
GCC	126	27.87	22.07	21.97	28.09	0.00	0.00
GCC	127	27.69	22.23	22.19	27.89	0.00	0.00
GCC	128	27.78	22.21	22.09	27.91	0.00	0.00
GCC	129	27.76	22.25	22.12	27.87	0.00	0.00
GCC	130	27.80	22.21	22.07	27.92	0.00	0.00
GCC	131	27.84	22.24	22.01	27.91	0.00	0.00
GCC	132	27.79	22.22	22.10	27.89	0.00	0.00
GCC	133	27.85	22.19	22.03	27.93	0.00	0.00
GCC	134	27.63	22.36	22.21	27.80	0.00	0.00
GCC	135	27.79	22.10	22.10	28.01	0.00	0.00
GCC	136	27.88	22.03	22.03	28.07	0.00	0.00
GCC	137	27.59	22.29	22.31	27.81	0.00	0.00
GCC	138	27.84	22.07	22.09	28.00	0.00	0.00
GCC	139	27.69	22.20	22.22	27.89	0.00	0.00
GCC	140	27.71	22.24	22.15	27.89	0.00	0.00
GCC	141	27.86	22.13	22.06	27.94	0.00	0.00
GCC	142	27.74	22.24	22.17	27.84	0.00	0.00
GCC	143	27.79	22.26	22.10	27.85	0.00	0.00
GCC	144	27.70	22.28	22.22	27.80	0.00	0.00
GCC	145	27.76	22.21	22.14	27.89	0.00	0.00
GCC	146	27.77	22.27	22.11	27.86	0.00	0.00
GCC	147	27.85	22.18	22.06	27.90	0.00	0.00
GCC	148	27.77	22.20	22.12	27.91	0.00	0.00
GCC	149	27.79	22.20	22.11	27.91	0.00	0.00
GCC	150	27.79	22.12	22.14	27.95	0.00	0.00
# ACGT content per cycle for first fragments. Use `grep ^FBC | cut -f 2-` to extract this part. The columns are: cycle; A,C,G,T base counts as a percentage of all A/C/G/T bases [%]; and N and O counts as a percentage of all A/C/G/T bases [%]
FBC	1	16.18	33.84	33.87	16.12	0.00	0.00
FBC	2	30.83	19.11	18.80	31.26	0.00	0.00
FBC	3	28.64	21.41	21.07	28.87	0.00	0.00
FBC	4	28.66	21.21	20.78	29.35	0.00	0.00
FBC	5	36.77	13.32	13.27	36.64	0.00	0.00
FBC	6	29.11	20.81	21.12	28.96	0.00	0.00
FBC	7	28.67	21.29	21.40	28.64	0.00	0.00
FBC	8	29.49	20.59	20.65	29.27	0.00	0.00
FBC	9	19.61	30.56	30.08	19.75	0.00	0.00
FBC	10	31.88	18.16	17.87	32.09	0.00	0.00
FBC	11	25.41	24.53	24.56	25.49	0.00	0.00
FBC	12	28.67	21.36	21.11	28.87	0.00	0.00
FBC	13	25.40	24.64	24.56	25.40	0.00	0.00
FBC	14	25.17	24.90	24.45	25.47	0.00	0.00
FBC	15	27.70	22.36	22.30	27.64	0.00	0.00
FBC	16	28.00	22.01	21.89	28.10	0.00	0.00
FBC	17	28.60	21.29	21.34	28.78	0.00	0.00
FBC	18	28.55	21.43	21.38	28.64	0.00	0.00
FBC	19	28.20	21.68	21.76	28.36	0.00	0.00
FBC	20	28.29	21.63	21.58	28.50	0.00	0.00
FBC	21	28.13	21.90	21.81	28.16	0.00	0.00
FBC	22	28.07	21.92	21.84	28.17	0.00	0.00
FBC	23	28.20	21.87	21.70	28.24	0.00	0.00
FBC	24	28.03	22.02	21.82	28.13	0.00	0.00
FBC	25	27.97	22.00	22.00	28.04	0.00	0.00
FBC	26	28.05	22.04	21.83	28.08	0.00	0.00
FBC	27	28.09	21.96	21.79	28.16	0.00	0.00
FBC	28	27.94	22.04	22.00	28.02	0.00	0.00
FBC	29	27.95	22.02	21.92	28.11	0.00	0.00
FBC	30	28.10	21.83	21.84	28.23	0.00	0.00
FBC	31	27.97	21.90	21.98	28.16	0.00	0.00
FBC	32	28.07	21.93	21.84	28.16	0.00	0.00
FBC	33	27.92	21.97	22.03	28.09	0.00	0.00
FBC	34	28.11	21.85	21.76	28.28	0.00	0.00
FBC	35	27.96	22.02	21.96	28.06	0.00	0.00
FBC	36	27.84	22.20	21.89	28.08	0.00	0.00
FBC	37	28.01	22.04	21.90	28.05	0.00	0.00
FBC	38	27.92	22.02	21.95	28.11	0.00	0.00
FBC	39	27.83	22.20	21.99	27.97	0.00	0.00
FBC	40	28.02	21.96	21.89	28.12	0.00	0.00
FBC	41	27.68	22.35	22.12	27.86	0.00	0.00
FBC	42	28.08	21.90	21.89	28.14	0.00	0.00
FBC	43	27.84	22.04	22.03	28.09	0.00	0.00
FBC	44	27.81	22.07	22.02	28.10	0.00	0.00
FBC	45	28.09	21.86	21.87	28.18	0.00	0.00
FBC	46	27.73	22.19	22.07	28.01	0.00	0.00
FBC	47	27.91	22.01	21.98	28.10	0.00	0.00
FBC	48	28.02	21.97	21.96	28.06	0.00	0.00
FBC	49	27.70	22.28	22.10	27.92	0.00	0.00
FBC	50	28.11	21.90	21.78	28.21	0.00	0.00
FBC	51	27.83	22.26	22.03	27.88	0.00	0.00
FBC	52	27.83	22.21	21.99	27.97	0.00	0.00
FBC	53	28.06	22.07	21.89	27.98	0.00	0.00
FBC	54	27.75	22.27	22.03	27.96	0.00	0.00
FBC	55	28.00	21.93	21.94	28.12	0.00	0.00
FBC	56	27.76	22.21	22.08	27.96	0.00	0.00
FBC	57	27.83	22.07	22.09	28.02	0.00	0.00
FBC	58	28.06	21.91	21.87	28.16	0.00	0.00
FBC	59	27.64	22.29	22.26	27.80	0.00	0.00
FBC	60	27.98	21.96	21.92	28.15	0.00	0.00
FBC	61	27.86	22.16	22.08	27.90	0.00	0.00
FBC	62	27.91	22.10	22.01	27.97	0.00	0.00
FBC	63	27.90	22.14	21.99	27.97	0.00	0.00
FBC	64	27.92	22.18	21.96	27.95	0.00	0.00
FBC	65	27.87	22.09	22.03	28.01	0.00	0.00
FBC	66	27.92	22.22	21.93	27.93	0.00	0.00
FBC	67	27.87	22.11	21.99	28.03	0.00	0.00
FBC	68	27.85	22.12	22.07	27.96	0.00	0.00
FBC	69	27.88	22.10	22.03	27.98	0.00	0.00
FBC	70	27.92	22.05	22.04	27.99	0.00	0.00
FBC	71	27.80	22.11	22.15	27.93	0.00	0.00
FBC	72	27.87	22.09	22.03	28.01	0.00	0.00
FBC	73	27.85	22.05	22.10	28.00	0.00	0.00
FBC	74	27.94	22.07	21.92	28.07	0.00	0.00
FBC	75	28.06	21.94	21.87	28.13	0.00	0.00
FBC	76	27.71	22.35	22.10	27.84	0.00	0.00
FBC	77	27.84	22.22	22.00	27.94	0.00	0.00
FBC	78	27.88	22.13	21.95	28.04	0.00	0.00
FBC	79	27.74	22.29	22.06	27.91	0.00	0.00
FBC	80	27.95	22.04	21.99	28.01	0.00	0.00
FBC	81	27.73	22.23	22.07	27.96	0.00	0.00
FBC	82	27.91	22.07	22.04	27.97	0.00	0.00
FBC	83	27.82	22.07	22.08	28.03	0.00	0.00
FBC	84	27.85	22.02	22.04	28.08	0.00	0.00
FBC	85	27.91	22.09	22.01	27.98	0.00	0.00
FBC	86	27.68	22.22	22.12	27.98	0.00	0.00
FBC	87	27.86	22.10	22.03	28.01	0.00	0.00
FBC	88	27.95	22.06	21.92	28.07	0.00	0.00
FBC	89	27.57	22.40	22.24	27.78	0.00	0.00
FBC	90	27.98	22.03	21.91	28.08	0.00	0.00
FBC	91	27.60	22.40	22.23	27.76	0.00	0.00
FBC	92	27.93	22.12	21.91	28.05	0.00	0.00
FBC	93	27.77	22.27	22.12	27.84	0.00	0.00
FBC	94	27.66	22.32	22.11	27.91	0.00	0.00
FBC	95	27.94	22.03	21.97	28.05	0.00	0.00
FBC	96	27.73	22.17	22.14	27.96	0.00	0.00
FBC	97	27.71	22.20	22.16	27.93	0.00	0.00
FBC	98	27.94	22.01	21.95	28.10	0.00	0.00
FBC	99	27.59	22.30	22.31	27.80	0.00	0.00
FBC	100	27.81	22.16	22.06	27.97	0.00	0.00
FBC	101	27.77	22.18	22.10	27.96	0.00	0.00
FBC	102	27.75	22.25	22.16	27.85	0.00	0.00
FBC	103	27.92	22.14	21.96	27.99	0.00	0.00
FBC	104	27.86	22.17	22.02	27.95	0.00	0.00
FBC	105	27.87	22.07	22.06	28.00	0.00	0.00
FBC	106	27.72	22.33	22.12	27.82	0.00	0.00
FBC	107	27.92	22.09	21.98	28.01	0.00	0.00
FBC	108	27.86	22.12	22.03	27.98	0.00	0.00
FBC	109	27.82	22.14	22.10	27.94	0.00	0.00
FBC	110	27.95	21.97	21.96	28.12	0.00	0.00
FBC	111	27.69	22.24	22.28	27.80	0.00	0.00
FBC	112	27.92	22.01	21.95	28.12	0.00	0.00
FBC	113	27.77	22.16	22.16	27.92	0.00	0.00
FBC	114	27.67	22.26	22.19	27.88	0.00	0.00
FBC	115	27.94	22.00	21.93	28.13	0.00	0.00
FBC	116	27.72	22.32	22.11	27.86	0.00	0.00
FBC	117	27.90	22.13	21.98	27.99	0.00	0.00
FBC	118	27.82	22.17	22.09	27.93	0.00	0.00
FBC	119	27.82	22.19	22.02	27.96	0.00	0.00
FBC	120	27.93	22.05	21.99	28.03	0.00	0.00
FBC	121	27.75	22.25	22.10	27.90	0.00	0.00
FBC	122	27.88	22.05	22.04	28.03	0.00	0.00
FBC	123	27.60	22.32	22.27	27.81	0.00	0.00
FBC	124	27.78	22.08	22.10	28.04	0.00	0.00
FBC	125	27.77	22.18	22.16	27.89	0.00	0.00
FBC	126	27.87	22.07	21.97	28.09	0.00	0.00
FBC	127	27.69	22.23	22.19	27.89	0.00	0.00
FBC	128	27.78	22.21	22.09	27.91	0.00	0.00
FBC	129	27.76	22.25	22.12	27.87	0.00	0.00
FBC	130	27.80	22.21	22.07	27.92	0.00	0.00
FBC	131	27.84	22.24	22.01	27.91	0.00	0.00
FBC	132	27.79	22.22	22.10	27.89	0.00	0.00
FBC	133	27.85	22.19	22.03	27.93	0.00	0.00
FBC	134	27.63	22.36	22.21	27.80	0.00	0.00
FBC	135	27.79	22.10	22.10	28.01	0.00	0.00
FBC	136	27.88	22.03	22.03	28.07	0.00	0.00
FBC	137	27.59	22.29	22.31	27.81	0.00	0.00
FBC	138	27.84	22.07	22.09	28.00	0.00	0.00
FBC	139	27.69	22.20	22.22	27.89	0.00	0.00
FBC	140	27.71	22.24	22.15	27.89	0.00	0.00
FBC	141	27.86	22.13	22.06	27.94	0.00	0.00
FBC	142	27.74	22.24	22.17	27.84	0.00	0.00
FBC	143	27.79	22.26	22.10	27.85	0.00	0.00
FBC	144	27.70	22.28	22.22	27.80	0.00	0.00
FBC	145	27.76	22.21	22.14	27.89	0.00	0.00
FBC	146	27.77	22.27	22.11	27.86	0.00	0.00
FBC	147	27.85	22.18	22.06	27.90	0.00	0.00
FBC	148	27.77	22.20	22.12	27.91	0.00	0.00
FBC	149	27.79	22.20	22.11	27.91	0.00	0.00
FBC	150	27.79	22.12	22.14	27.95	0.00	0.00
# ACGT raw counters for first fragments. Use `grep ^FTC | cut -f 2-` to extract this part. The columns are: A,C,G,T,N base counters
FTC	2257638412	1796536094	1788805251	2268349437	5768
# ACGT content per cycle for last fragments. Use `grep ^LBC | cut -f 2-` to extract this part. The columns are: cycle; A,C,G,T base counts as a percentage of all A/C/G/T bases [%]; and N and O counts as a percentage of all A/C/G/T bases [%]
# ACGT raw counters for last fragments. Use `grep ^LTC | cut -f 2-` to extract this part. The columns are: A,C,G,T,N base counters
LTC	0	0	0	0	0
# Insert sizes. Use `grep ^IS | cut -f 2-` to extract this part. The columns are: insert size, pairs total, inward oriented pairs, outward oriented pairs, other pairs
# Read lengths. Use `grep ^RL | cut -f 2-` to extract this part. The columns are: read length, count
RL	32	2
RL	33	2
RL	38	3
RL	39	1
RL	41	1
RL	44	1
RL	46	3
RL	47	2
RL	48	1
RL	49	2
RL	50	1
RL	51	1
RL	52	3
RL	53	1
RL	54	2
RL	55	3
RL	56	4
RL	57	2
RL	58	2
RL	59	1
RL	60	2
RL	61	2
RL	62	1
RL	63	2
RL	64	2
RL	65	2
RL	66	2
RL	67	2
RL	68	3
RL	69	1
RL	70	2
RL	71	2
RL	72	2
RL	73	1
RL	74	3
RL	75	2
RL	76	6
RL	77	5
RL	78	3
RL	79	6
RL	80	5
RL	81	4
RL	82	5
RL	83	5
RL	84	3
RL	85	6
RL	86	4
RL	87	6
RL	88	7
RL	89	2
RL	90	5
RL	91	11
RL	92	8
RL	93	7
RL	94	6
RL	95	11
RL	96	9
RL	97	11
RL	98	9
RL	99	7
RL	100	12
RL	101	10
RL	102	16
RL	103	15
RL	104	16
RL	105	13
RL	106	18
RL	107	15
RL	108	28
RL	109	15
RL	110	32
RL	111	24
RL	112	35
RL	113	42
RL	114	39
RL	115	47
RL	116	50
RL	117	49
RL	118	42
RL	119	64
RL	120	69
RL	121	67
RL	122	83
RL	123	90
RL	124	106
RL	125	85
RL	126	110
RL	127	124
RL	128	179
RL	129	191
RL	130	208
RL	131	229
RL	132	281
RL	133	302
RL	134	387
RL	135	436
RL	136	591
RL	137	740
RL	138	962
RL	139	1249
RL	140	1812
RL	141	2199
RL	142	3331
RL	143	5317
RL	144	8785
RL	145	15348
RL	146	29445
RL	147	68951
RL	148	233972
RL	149	1393239
RL	150	52322918
# Read lengths - first fragments. Use `grep ^FRL | cut -f 2-` to extract this part. The columns are: read length, count
FRL	32	2
FRL	33	2
FRL	38	3
FRL	39	1
FRL	41	1
FRL	44	1
FRL	46	3
FRL	47	2
FRL	48	1
FRL	49	2
FRL	50	1
FRL	51	1
FRL	52	3
FRL	53	1
FRL	54	2
FRL	55	3
FRL	56	4
FRL	57	2
FRL	58	2
FRL	59	1
FRL	60	2
FRL	61	2
FRL	62	1
FRL	63	2
FRL	64	2
FRL	65	2
FRL	66	2
FRL	67	2
FRL	68	3
FRL	69	1
FRL	70	2
FRL	71	2
FRL	72	2
FRL	73	1
FRL	74	3
FRL	75	2
FRL	76	6
FRL	77	5
FRL	78	3
FRL	79	6
FRL	80	5
FRL	81	4
FRL	82	5
FRL	83	5
FRL	84	3
FRL	85	6
FRL	86	4
FRL	87	6
FRL	88	7
FRL	89	2
FRL	90	5
FRL	91	11
FRL	92	8
FRL	93	7
FRL	94	6
FRL	95	11
FRL	96	9
FRL	97	11
FRL	98	9
FRL	99	7
FRL	100	12
FRL	101	10
FRL	102	16
FRL	103	15
FRL	104	16
FRL	105	13
FRL	106	18
FRL	107	15
FRL	108	28
FRL	109	15
FRL	110	32
FRL	111	24
FRL	112	35
FRL	113	42
FRL	114	39
FRL	115	47
FRL	116	50
FRL	117	49
FRL	118	42
FRL	119	64
FRL	120	69
FRL	121	67
FRL	122	83
FRL	123	90
FRL	124	106
FRL	125	85
FRL	126	110
FRL	127	124
FRL	128	179
FRL	129	191
FRL	130	208
FRL	131	229
FRL	132	281
FRL	133	302
FRL	134	387
FRL	135	436
FRL	136	591
FRL	137	740
FRL	138	962
FRL	139	1249
FRL	140	1812
FRL	141	2199
FRL	142	3331
FRL	143	5317
FRL	144	8785
FRL	145	15348
FRL	146	29445
FRL	147	68951
FRL	148	233972
FRL	149	1393239
FRL	150	52322918
# Read lengths - last fragments. Use `grep ^LRL | cut -f 2-` to extract this part. The columns are: read length, count
# Indel distribution. Use `grep ^ID | cut -f 2-` to extract this part. The columns are: length, number of insertions, number of deletions
ID	1	1758544	2276374
ID	2	488463	559679
ID	3	264793	364411
ID	4	191880	216603
ID	5	117857	140424
ID	6	97202	118689
ID	7	61885	100221
ID	8	66354	72049
ID	9	41915	128755
ID	10	39121	54083
ID	11	30013	36746
ID	12	23922	32031
ID	13	15229	25455
ID	14	12895	19055
ID	15	9996	15555
ID	16	8787	15213
ID	17	6184	11164
ID	18	6326	10085
ID	19	4759	8619
ID	20	5306	10173
ID	21	7575	11244
ID	22	3115	6362
ID	23	2581	4840
ID	24	2200	4598
ID	25	1402	3903
ID	26	1245	3050
ID	27	1074	2856
ID	28	958	2553
ID	29	699	2110
ID	30	729	2099
ID	31	424	1585
ID	32	475	1925
ID	33	314	1308
ID	34	248	874
ID	35	193	981
ID	36	165	856
ID	37	138	563
ID	38	73	620
ID	39	75	959
ID	40	68	9960
ID	41	52	456
ID	42	31	448
ID	43	20	366
ID	44	9	284
ID	45	23	280
ID	46	0	207
ID	47	2	191
ID	48	0	120
ID	49	0	126
ID	50	0	128
ID	51	0	97
ID	52	0	92
ID	53	0	64
ID	54	0	67
ID	55	0	61
ID	56	0	45
ID	57	0	21
ID	58	0	29
ID	59	0	15
ID	60	0	24
ID	61	0	10
ID	62	0	9
ID	63	0	23
ID	64	0	17
ID	65	0	36
ID	66	0	5
ID	67	0	2
# Indels per cycle. Use `grep ^IC | cut -f 2-` to extract this part. The columns are: cycle, number of insertions (fwd), .. (rev) , number of deletions (fwd), .. (rev)
IC	1	7	0	4	0
IC	2	0	0	2	0
IC	3	2	0	7887	0
IC	4	6085	0	9001	0
IC	5	8025	0	10368	0
IC	6	8549	0	12221	0
IC	7	9038	0	11341	0
IC	8	10021	0	15103	0
IC	9	11609	0	17036	0
IC	10	13439	0	16905	0
IC	11	13636	0	20286	0
IC	12	15439	0	20464	0
IC	13	16247	0	20791	0
IC	14	16899	0	22107	0
IC	15	18081	0	22209	0
IC	16	17978	0	28052	0
IC	17	18299	0	25812	0
IC	18	19277	0	24918	0
IC	19	20096	0	27225	0
IC	20	22193	0	26299	0
IC	21	21548	0	28171	0
IC	22	22398	0	31546	0
IC	23	22294	0	28240	0
IC	24	22498	0	29138	0
IC	25	23318	0	29496	0
IC	26	23197	0	29469	0
IC	27	23616	0	30282	0
IC	28	24505	0	31263	0
IC	29	24273	0	30548	0
IC	30	24414	0	31473	0
IC	31	25386	0	30441	0
IC	32	25319	0	31213	0
IC	33	25348	0	29480	0
IC	34	25333	0	30392	0
IC	35	25823	0	32735	0
IC	36	24975	0	31304	0
IC	37	25150	0	32278	0
IC	38	25045	0	31882	0
IC	39	25490	0	30968	0
IC	40	25897	0	31634	0
IC	41	25839	0	33062	0
IC	42	25960	0	33334	0
IC	43	25923	0	30093	0
IC	44	25521	0	31755	0
IC	45	27006	0	32592	0
IC	46	25751	0	34343	0
IC	47	26297	0	32071	0
IC	48	25868	0	32991	0
IC	49	25736	0	32816	0
IC	50	26156	0	32347	0
IC	51	26482	0	33304	0
IC	52	26213	0	37050	0
IC	53	26448	0	34286	0
IC	54	25998	0	34226	0
IC	55	26529	0	31448	0
IC	56	26250	0	35380	0
IC	57	26414	0	34216	0
IC	58	26987	0	36970	0
IC	59	26534	0	36173	0
IC	60	26517	0	32698	0
IC	61	26526	0	31312	0
IC	62	26719	0	34472	0
IC	63	26830	0	33254	0
IC	64	26784	0	34515	0
IC	65	26172	0	32076	0
IC	66	25950	0	33077	0
IC	67	26259	0	34564	0
IC	68	26776	0	32952	0
IC	69	26249	0	35064	0
IC	70	26793	0	33918	0
IC	71	25985	0	35104	0
IC	72	26462	0	34436	0
IC	73	26550	0	37734	0
IC	74	25989	0	33553	0
IC	75	26147	0	32550	0
IC	76	26386	0	34273	0
IC	77	25947	0	32773	0
IC	78	26368	0	33924	0
IC	79	26414	0	32977	0
IC	80	26601	0	36330	0
IC	81	26722	0	34823	0
IC	82	26411	0	32859	0
IC	83	25814	0	34598	0
IC	84	26464	0	31834	0
IC	85	26624	0	33011	0
IC	86	26684	0	33438	0
IC	87	25471	0	32608	0
IC	88	26428	0	35305	0
IC	89	26356	0	34010	0
IC	90	26328	0	32445	0
IC	91	26662	0	32270	0
IC	92	26060	0	32784	0
IC	93	25796	0	33509	0
IC	94	26014	0	33782	0
IC	95	26320	0	32386	0
IC	96	26138	0	34824	0
IC	97	25334	0	34593	0
IC	98	25338	0	36719	0
IC	99	25575	0	34212	0
IC	100	26104	0	32049	0
IC	101	25725	0	34058	0
IC	102	25269	0	34975	0
IC	103	25463	0	32493	0
IC	104	25535	0	34495	0
IC	105	25436	0	32473	0
IC	106	25696	0	37239	0
IC	107	24752	0	31617	0
IC	108	24282	0	32254	0
IC	109	24814	0	32616	0
IC	110	24965	0	34735	0
IC	111	24913	0	32176	0
IC	112	24686	0	40207	0
IC	113	24697	0	30508	0
IC	114	24233	0	32128	0
IC	115	24133	0	31012	0
IC	116	24458	0	32311	0
IC	117	24297	0	31840	0
IC	118	23902	0	30376	0
IC	119	23914	0	32008	0
IC	120	23401	0	31690	0
IC	121	22986	0	28817	0
IC	122	23142	0	30507	0
IC	123	22215	0	29816	0
IC	124	22527	0	29317	0
IC	125	22331	0	29545	0
IC	126	22272	0	29032	0
IC	127	22218	0	28684	0
IC	128	21834	0	28496	0
IC	129	21310	0	28476	0
IC	130	20985	0	27090	0
IC	131	20124	0	26906	0
IC	132	19947	0	27125	0
IC	133	20020	0	27174	0
IC	134	18819	0	25525	0
IC	135	18971	0	25028	0
IC	136	17637	0	26253	0
IC	137	17952	0	23816	0
IC	138	16423	0	25660	0
IC	139	15851	0	21782	0
IC	140	14868	0	20423	0
IC	141	14007	0	19183	0
IC	142	12705	0	20950	0
IC	143	11494	0	16682	0
IC	144	9811	0	17674	0
IC	145	9291	0	13362	0
IC	146	8161	0	12038	0
IC	147	7121	0	9222	0
IC	148	0	0	3	0
# Coverage distribution. Use `grep ^COV | cut -f 2-` to extract this part.
COV	[1-1]	1	61639236
COV	[2-2]	2	83311712
COV	[3-3]	3	99171071
COV	[4-4]	4	107143041
COV	[5-5]	5	107126736
COV	[6-6]	6	100893285
COV	[7-7]	7	90359278
COV	[8-8]	8	77776897
COV	[9-9]	9	64599347
COV	[10-10]	10	52038156
COV	[11-11]	11	40950438
COV	[12-12]	12	31454194
COV	[13-13]	13	23785184
COV	[14-14]	14	17617352
COV	[15-15]	15	12935811
COV	[16-16]	16	9354533
COV	[17-17]	17	6740292
COV	[18-18]	18	4849198
COV	[19-19]	19	3494965
COV	[20-20]	20	2518094
COV	[21-21]	21	1825240
COV	[22-22]	22	1351233
COV	[23-23]	23	1013379
COV	[24-24]	24	788673
COV	[25-25]	25	621430
COV	[26-26]	26	505442
COV	[27-27]	27	420783
COV	[28-28]	28	361967
COV	[29-29]	29	319233
COV	[30-30]	30	287227
COV	[31-31]	31	257545
COV	[32-32]	32	235596
COV	[33-33]	33	214662
COV	[34-34]	34	198319
COV	[35-35]	35	186347
COV	[36-36]	36	174855
COV	[37-37]	37	163699
COV	[38-38]	38	154604
COV	[39-39]	39	146618
COV	[40-40]	40	139373
COV	[41-41]	41	132431
COV	[42-42]	42	123377
COV	[43-43]	43	118819
COV	[44-44]	44	112365
COV	[45-45]	45	107296
COV	[46-46]	46	102442
COV	[47-47]	47	98284
COV	[48-48]	48	94272
COV	[49-49]	49	89782
COV	[50-50]	50	85963
COV	[51-51]	51	82677
COV	[52-52]	52	78949
COV	[53-53]	53	77419
COV	[54-54]	54	73421
COV	[55-55]	55	69307
COV	[56-56]	56	67059
COV	[57-57]	57	65360
COV	[58-58]	58	63786
COV	[59-59]	59	61875
COV	[60-60]	60	59792
COV	[61-61]	61	57830
COV	[62-62]	62	55147
COV	[63-63]	63	53295
COV	[64-64]	64	51169
COV	[65-65]	65	49602
COV	[66-66]	66	47687
COV	[67-67]	67	45769
COV	[68-68]	68	44321
COV	[69-69]	69	42683
COV	[70-70]	70	41977
COV	[71-71]	71	39642
COV	[72-72]	72	39782
COV	[73-73]	73	38367
COV	[74-74]	74	37597
COV	[75-75]	75	35481
COV	[76-76]	76	34334
COV	[77-77]	77	33735
COV	[78-78]	78	33267
COV	[79-79]	79	32181
COV	[80-80]	80	30624
COV	[81-81]	81	29176
COV	[82-82]	82	29046
COV	[83-83]	83	28230
COV	[84-84]	84	27437
COV	[85-85]	85	26274
COV	[86-86]	86	25401
COV	[87-87]	87	24860
COV	[88-88]	88	24947
COV	[89-89]	89	24164
COV	[90-90]	90	23506
COV	[91-91]	91	22843
COV	[92-92]	92	21862
COV	[93-93]	93	21507
COV	[94-94]	94	20853
COV	[95-95]	95	19911
COV	[96-96]	96	19424
COV	[97-97]	97	19587
COV	[98-98]	98	18925
COV	[99-99]	99	18038
COV	[100-100]	100	17854
COV	[101-101]	101	17420
COV	[102-102]	102	17102
COV	[103-103]	103	16687
COV	[104-104]	104	16184
COV	[105-105]	105	15761
COV	[106-106]	106	15507
COV	[107-107]	107	15052
COV	[108-108]	108	14760
COV	[109-109]	109	14431
COV	[110-110]	110	14275
COV	[111-111]	111	13681
COV	[112-112]	112	13561
COV	[113-113]	113	13328
COV	[114-114]	114	12899
COV	[115-115]	115	12542
COV	[116-116]	116	12653
COV	[117-117]	117	12551
COV	[118-118]	118	12046
COV	[119-119]	119	11951
COV	[120-120]	120	11483
COV	[121-121]	121	11499
COV	[122-122]	122	11484
COV	[123-123]	123	10676
COV	[124-124]	124	10657
COV	[125-125]	125	10576
COV	[126-126]	126	9958
COV	[127-127]	127	9986
COV	[128-128]	128	10271
COV	[129-129]	129	10003
COV	[130-130]	130	9698
COV	[131-131]	131	9323
COV	[132-132]	132	9403
COV	[133-133]	133	9275
COV	[134-134]	134	9197
COV	[135-135]	135	9082
COV	[136-136]	136	8839
COV	[137-137]	137	8872
COV	[138-138]	138	8830
COV	[139-139]	139	8504
COV	[140-140]	140	7976
COV	[141-141]	141	7907
COV	[142-142]	142	7897
COV	[143-143]	143	7874
COV	[144-144]	144	7195
COV	[145-145]	145	7466
COV	[146-146]	146	7055
COV	[147-147]	147	7238
COV	[148-148]	148	7070
COV	[149-149]	149	6802
COV	[150-150]	150	6950
COV	[151-151]	151	6838
COV	[152-152]	152	6893
COV	[153-153]	153	6732
COV	[154-154]	154	6708
COV	[155-155]	155	6653
COV	[156-156]	156	6356
COV	[157-157]	157	6432
COV	[158-158]	158	6021
COV	[159-159]	159	6346
COV	[160-160]	160	6016
COV	[161-161]	161	5991
COV	[162-162]	162	5885
COV	[163-163]	163	5982
COV	[164-164]	164	5964
COV	[165-165]	165	5743
COV	[166-166]	166	5644
COV	[167-167]	167	5814
COV	[168-168]	168	5646
COV	[169-169]	169	5716
COV	[170-170]	170	5486
COV	[171-171]	171	5325
COV	[172-172]	172	5368
COV	[173-173]	173	5203
COV	[174-174]	174	5286
COV	[175-175]	175	5191
COV	[176-176]	176	5407
COV	[177-177]	177	5045
COV	[178-178]	178	5133
COV	[179-179]	179	4911
COV	[180-180]	180	5156
COV	[181-181]	181	5015
COV	[182-182]	182	4793
COV	[183-183]	183	4975
COV	[184-184]	184	4790
COV	[185-185]	185	4728
COV	[186-186]	186	4527
COV	[187-187]	187	4471
COV	[188-188]	188	4560
COV	[189-189]	189	4550
COV	[190-190]	190	4248
COV	[191-191]	191	4358
COV	[192-192]	192	4468
COV	[193-193]	193	4511
COV	[194-194]	194	4440
COV	[195-195]	195	4458
COV	[196-196]	196	4402
COV	[197-197]	197	4462
COV	[198-198]	198	4277
COV	[199-199]	199	4290
COV	[200-200]	200	4109
COV	[201-201]	201	4002
COV	[202-202]	202	4187
COV	[203-203]	203	4115
COV	[204-204]	204	3967
COV	[205-205]	205	3903
COV	[206-206]	206	4015
COV	[207-207]	207	3764
COV	[208-208]	208	3847
COV	[209-209]	209	3679
COV	[210-210]	210	3840
COV	[211-211]	211	3766
COV	[212-212]	212	3801
COV	[213-213]	213	3755
COV	[214-214]	214	3663
COV	[215-215]	215	3687
COV	[216-216]	216	3670
COV	[217-217]	217	3758
COV	[218-218]	218	3620
COV	[219-219]	219	3474
COV	[220-220]	220	3567
COV	[221-221]	221	3506
COV	[222-222]	222	3482
COV	[223-223]	223	3310
COV	[224-224]	224	3414
COV	[225-225]	225	3171
COV	[226-226]	226	3237
COV	[227-227]	227	3414
COV	[228-228]	228	3342
COV	[229-229]	229	3165
COV	[230-230]	230	3255
COV	[231-231]	231	3234
COV	[232-232]	232	3266
COV	[233-233]	233	3167
COV	[234-234]	234	3225
COV	[235-235]	235	3161
COV	[236-236]	236	2983
COV	[237-237]	237	3258
COV	[238-238]	238	3079
COV	[239-239]	239	3032
COV	[240-240]	240	3048
COV	[241-241]	241	3082
COV	[242-242]	242	3000
COV	[243-243]	243	2930
COV	[244-244]	244	3115
COV	[245-245]	245	2849
COV	[246-246]	246	3020
COV	[247-247]	247	2885
COV	[248-248]	248	2824
COV	[249-249]	249	2713
COV	[250-250]	250	2814
COV	[251-251]	251	2706
COV	[252-252]	252	2757
COV	[253-253]	253	2655
COV	[254-254]	254	2571
COV	[255-255]	255	2641
COV	[256-256]	256	2714
COV	[257-257]	257	2645
COV	[258-258]	258	2560
COV	[259-259]	259	2567
COV	[260-260]	260	2489
COV	[261-261]	261	2465
COV	[262-262]	262	2675
COV	[263-263]	263	2588
COV	[264-264]	264	2600
COV	[265-265]	265	2556
COV	[266-266]	266	2483
COV	[267-267]	267	2524
COV	[268-268]	268	2465
COV	[269-269]	269	2445
COV	[270-270]	270	2501
COV	[271-271]	271	2534
COV	[272-272]	272	2440
COV	[273-273]	273	2335
COV	[274-274]	274	2336
COV	[275-275]	275	2402
COV	[276-276]	276	2536
COV	[277-277]	277	2364
COV	[278-278]	278	2378
COV	[279-279]	279	2283
COV	[280-280]	280	2329
COV	[281-281]	281	2305
COV	[282-282]	282	2285
COV	[283-283]	283	2307
COV	[284-284]	284	2207
COV	[285-285]	285	2173
COV	[286-286]	286	2084
COV	[287-287]	287	2320
COV	[288-288]	288	2299
COV	[289-289]	289	2200
COV	[290-290]	290	2183
COV	[291-291]	291	2115
COV	[292-292]	292	2164
COV	[293-293]	293	2257
COV	[294-294]	294	2205
COV	[295-295]	295	2187
COV	[296-296]	296	2191
COV	[297-297]	297	2116
COV	[298-298]	298	2190
COV	[299-299]	299	1977
COV	[300-300]	300	1937
COV	[301-301]	301	1968
COV	[302-302]	302	2120
COV	[303-303]	303	2035
COV	[304-304]	304	2114
COV	[305-305]	305	1895
COV	[306-306]	306	1875
COV	[307-307]	307	2029
COV	[308-308]	308	1910
COV	[309-309]	309	1961
COV	[310-310]	310	1978
COV	[311-311]	311	2062
COV	[312-312]	312	1950
COV	[313-313]	313	1853
COV	[314-314]	314	1899
COV	[315-315]	315	1876
COV	[316-316]	316	1927
COV	[317-317]	317	1942
COV	[318-318]	318	1897
COV	[319-319]	319	1778
COV	[320-320]	320	1883
COV	[321-321]	321	1755
COV	[322-322]	322	1716
COV	[323-323]	323	1731
COV	[324-324]	324	1802
COV	[325-325]	325	1751
COV	[326-326]	326	1851
COV	[327-327]	327	1742
COV	[328-328]	328	1651
COV	[329-329]	329	1706
COV	[330-330]	330	1737
COV	[331-331]	331	1612
COV	[332-332]	332	1743
COV	[333-333]	333	1625
COV	[334-334]	334	1715
COV	[335-335]	335	1580
COV	[336-336]	336	1655
COV	[337-337]	337	1603
COV	[338-338]	338	1567
COV	[339-339]	339	1558
COV	[340-340]	340	1531
COV	[341-341]	341	1411
COV	[342-342]	342	1502
COV	[343-343]	343	1505
COV	[344-344]	344	1498
COV	[345-345]	345	1563
COV	[346-346]	346	1487
COV	[347-347]	347	1502
COV	[348-348]	348	1466
COV	[349-349]	349	1402
COV	[350-350]	350	1498
COV	[351-351]	351	1395
COV	[352-352]	352	1429
COV	[353-353]	353	1466
COV	[354-354]	354	1484
COV	[355-355]	355	1359
COV	[356-356]	356	1358
COV	[357-357]	357	1467
COV	[358-358]	358	1349
COV	[359-359]	359	1418
COV	[360-360]	360	1386
COV	[361-361]	361	1348
COV	[362-362]	362	1354
COV	[363-363]	363	1451
COV	[364-364]	364	1404
COV	[365-365]	365	1407
COV	[366-366]	366	1321
COV	[367-367]	367	1347
COV	[368-368]	368	1361
COV	[369-369]	369	1254
COV	[370-370]	370	1288
COV	[371-371]	371	1257
COV	[372-372]	372	1300
COV	[373-373]	373	1158
COV	[374-374]	374	1241
COV	[375-375]	375	1253
COV	[376-376]	376	1315
COV	[377-377]	377	1253
COV	[378-378]	378	1110
COV	[379-379]	379	1220
COV	[380-380]	380	1127
COV	[381-381]	381	1194
COV	[382-382]	382	1152
COV	[383-383]	383	1210
COV	[384-384]	384	1171
COV	[385-385]	385	1133
COV	[386-386]	386	1136
COV	[387-387]	387	1129
COV	[388-388]	388	1043
COV	[389-389]	389	1077
COV	[390-390]	390	1134
COV	[391-391]	391	1032
COV	[392-392]	392	997
COV	[393-393]	393	1004
COV	[394-394]	394	998
COV	[395-395]	395	1064
COV	[396-396]	396	1007
COV	[397-397]	397	963
COV	[398-398]	398	930
COV	[399-399]	399	969
COV	[400-400]	400	937
COV	[401-401]	401	964
COV	[402-402]	402	931
COV	[403-403]	403	950
COV	[404-404]	404	917
COV	[405-405]	405	910
COV	[406-406]	406	932
COV	[407-407]	407	937
COV	[408-408]	408	865
COV	[409-409]	409	785
COV	[410-410]	410	921
COV	[411-411]	411	899
COV	[412-412]	412	898
COV	[413-413]	413	794
COV	[414-414]	414	800
COV	[415-415]	415	831
COV	[416-416]	416	833
COV	[417-417]	417	839
COV	[418-418]	418	829
COV	[419-419]	419	809
COV	[420-420]	420	778
COV	[421-421]	421	836
COV	[422-422]	422	759
COV	[423-423]	423	752
COV	[424-424]	424	794
COV	[425-425]	425	793
COV	[426-426]	426	747
COV	[427-427]	427	833
COV	[428-428]	428	741
COV	[429-429]	429	794
COV	[430-430]	430	765
COV	[431-431]	431	789
COV	[432-432]	432	774
COV	[433-433]	433	803
COV	[434-434]	434	778
COV	[435-435]	435	730
COV	[436-436]	436	719
COV	[437-437]	437	725
COV	[438-438]	438	699
COV	[439-439]	439	742
COV	[440-440]	440	677
COV	[441-441]	441	664
COV	[442-442]	442	626
COV	[443-443]	443	666
COV	[444-444]	444	668
COV	[445-445]	445	648
COV	[446-446]	446	651
COV	[447-447]	447	588
COV	[448-448]	448	687
COV	[449-449]	449	588
COV	[450-450]	450	688
COV	[451-451]	451	631
COV	[452-452]	452	570
COV	[453-453]	453	570
COV	[454-454]	454	576
COV	[455-455]	455	540
COV	[456-456]	456	538
COV	[457-457]	457	532
COV	[458-458]	458	546
COV	[459-459]	459	572
COV	[460-460]	460	509
COV	[461-461]	461	508
COV	[462-462]	462	554
COV	[463-463]	463	522
COV	[464-464]	464	542
COV	[465-465]	465	523
COV	[466-466]	466	550
COV	[467-467]	467	551
COV	[468-468]	468	519
COV	[469-469]	469	558
COV	[470-470]	470	523
COV	[471-471]	471	508
COV	[472-472]	472	515
COV	[473-473]	473	485
COV	[474-474]	474	479
COV	[475-475]	475	484
COV	[476-476]	476	477
COV	[477-477]	477	576
COV	[478-478]	478	476
COV	[479-479]	479	517
COV	[480-480]	480	513
COV	[481-481]	481	470
COV	[482-482]	482	478
COV	[483-483]	483	509
COV	[484-484]	484	487
COV	[485-485]	485	471
COV	[486-486]	486	467
COV	[487-487]	487	497
COV	[488-488]	488	528
COV	[489-489]	489	463
COV	[490-490]	490	469
COV	[491-491]	491	430
COV	[492-492]	492	481
COV	[493-493]	493	501
COV	[494-494]	494	458
COV	[495-495]	495	470
COV	[496-496]	496	447
COV	[497-497]	497	453
COV	[498-498]	498	452
COV	[499-499]	499	440
COV	[500-500]	500	392
COV	[501-501]	501	409
COV	[502-502]	502	410
COV	[503-503]	503	410
COV	[504-504]	504	419
COV	[505-505]	505	405
COV	[506-506]	506	390
COV	[507-507]	507	420
COV	[508-508]	508	444
COV	[509-509]	509	373
COV	[510-510]	510	420
COV	[511-511]	511	392
COV	[512-512]	512	427
COV	[513-513]	513	404
COV	[514-514]	514	436
COV	[515-515]	515	402
COV	[516-516]	516	416
COV	[517-517]	517	403
COV	[518-518]	518	380
COV	[519-519]	519	379
COV	[520-520]	520	333
COV	[521-521]	521	430
COV	[522-522]	522	429
COV	[523-523]	523	411
COV	[524-524]	524	393
COV	[525-525]	525	390
COV	[526-526]	526	367
COV	[527-527]	527	337
COV	[528-528]	528	402
COV	[529-529]	529	395
COV	[530-530]	530	392
COV	[531-531]	531	369
COV	[532-532]	532	408
COV	[533-533]	533	397
COV	[534-534]	534	401
COV	[535-535]	535	382
COV	[536-536]	536	401
COV	[537-537]	537	431
COV	[538-538]	538	411
COV	[539-539]	539	394
COV	[540-540]	540	420
COV	[541-541]	541	375
COV	[542-542]	542	345
COV	[543-543]	543	398
COV	[544-544]	544	392
COV	[545-545]	545	422
COV	[546-546]	546	400
COV	[547-547]	547	415
COV	[548-548]	548	380
COV	[549-549]	549	391
COV	[550-550]	550	373
COV	[551-551]	551	386
COV	[552-552]	552	367
COV	[553-553]	553	360
COV	[554-554]	554	437
COV	[555-555]	555	405
COV	[556-556]	556	408
COV	[557-557]	557	408
COV	[558-558]	558	415
COV	[559-559]	559	392
COV	[560-560]	560	397
COV	[561-561]	561	386
COV	[562-562]	562	355
COV	[563-563]	563	395
COV	[564-564]	564	342
COV	[565-565]	565	337
COV	[566-566]	566	411
COV	[567-567]	567	347
COV	[568-568]	568	330
COV	[569-569]	569	354
COV	[570-570]	570	297
COV	[571-571]	571	366
COV	[572-572]	572	377
COV	[573-573]	573	314
COV	[574-574]	574	356
COV	[575-575]	575	333
COV	[576-576]	576	373
COV	[577-577]	577	334
COV	[578-578]	578	318
COV	[579-579]	579	301
COV	[580-580]	580	354
COV	[581-581]	581	313
COV	[582-582]	582	382
COV	[583-583]	583	366
COV	[584-584]	584	341
COV	[585-585]	585	328
COV	[586-586]	586	329
COV	[587-587]	587	363
COV	[588-588]	588	331
COV	[589-589]	589	329
COV	[590-590]	590	313
COV	[591-591]	591	352
COV	[592-592]	592	301
COV	[593-593]	593	303
COV	[594-594]	594	289
COV	[595-595]	595	325
COV	[596-596]	596	323
COV	[597-597]	597	331
COV	[598-598]	598	327
COV	[599-599]	599	311
COV	[600-600]	600	345
COV	[601-601]	601	346
COV	[602-602]	602	346
COV	[603-603]	603	358
COV	[604-604]	604	353
COV	[605-605]	605	324
COV	[606-606]	606	322
COV	[607-607]	607	338
COV	[608-608]	608	344
COV	[609-609]	609	298
COV	[610-610]	610	367
COV	[611-611]	611	309
COV	[612-612]	612	328
COV	[613-613]	613	341
COV	[614-614]	614	317
COV	[615-615]	615	332
COV	[616-616]	616	329
COV	[617-617]	617	310
COV	[618-618]	618	332
COV	[619-619]	619	286
COV	[620-620]	620	320
COV	[621-621]	621	299
COV	[622-622]	622	278
COV	[623-623]	623	311
COV	[624-624]	624	301
COV	[625-625]	625	281
COV	[626-626]	626	291
COV	[627-627]	627	291
COV	[628-628]	628	314
COV	[629-629]	629	264
COV	[630-630]	630	308
COV	[631-631]	631	285
COV	[632-632]	632	285
COV	[633-633]	633	286
COV	[634-634]	634	299
COV	[635-635]	635	274
COV	[636-636]	636	323
COV	[637-637]	637	323
COV	[638-638]	638	287
COV	[639-639]	639	246
COV	[640-640]	640	323
COV	[641-641]	641	281
COV	[642-642]	642	266
COV	[643-643]	643	290
COV	[644-644]	644	294
COV	[645-645]	645	323
COV	[646-646]	646	287
COV	[647-647]	647	298
COV	[648-648]	648	311
COV	[649-649]	649	255
COV	[650-650]	650	296
COV	[651-651]	651	253
COV	[652-652]	652	269
COV	[653-653]	653	306
COV	[654-654]	654	274
COV	[655-655]	655	262
COV	[656-656]	656	231
COV	[657-657]	657	229
COV	[658-658]	658	256
COV	[659-659]	659	271
COV	[660-660]	660	264
COV	[661-661]	661	257
COV	[662-662]	662	233
COV	[663-663]	663	267
COV	[664-664]	664	211
COV	[665-665]	665	242
COV	[666-666]	666	246
COV	[667-667]	667	288
COV	[668-668]	668	263
COV	[669-669]	669	252
COV	[670-670]	670	262
COV	[671-671]	671	287
COV	[672-672]	672	259
COV	[673-673]	673	302
COV	[674-674]	674	283
COV	[675-675]	675	310
COV	[676-676]	676	261
COV	[677-677]	677	271
COV	[678-678]	678	254
COV	[679-679]	679	256
COV	[680-680]	680	237
COV	[681-681]	681	260
COV	[682-682]	682	213
COV	[683-683]	683	262
COV	[684-684]	684	232
COV	[685-685]	685	231
COV	[686-686]	686	262
COV	[687-687]	687	252
COV	[688-688]	688	252
COV	[689-689]	689	216
COV	[690-690]	690	214
COV	[691-691]	691	233
COV	[692-692]	692	270
COV	[693-693]	693	248
COV	[694-694]	694	201
COV	[695-695]	695	223
COV	[696-696]	696	228
COV	[697-697]	697	237
COV	[698-698]	698	240
COV	[699-699]	699	224
COV	[700-700]	700	231
COV	[701-701]	701	233
COV	[702-702]	702	227
COV	[703-703]	703	245
COV	[704-704]	704	235
COV	[705-705]	705	238
COV	[706-706]	706	223
COV	[707-707]	707	260
COV	[708-708]	708	237
COV	[709-709]	709	253
COV	[710-710]	710	273
COV	[711-711]	711	236
COV	[712-712]	712	240
COV	[713-713]	713	232
COV	[714-714]	714	200
COV	[715-715]	715	230
COV	[716-716]	716	237
COV	[717-717]	717	245
COV	[718-718]	718	236
COV	[719-719]	719	257
COV	[720-720]	720	251
COV	[721-721]	721	202
COV	[722-722]	722	212
COV	[723-723]	723	226
COV	[724-724]	724	202
COV	[725-725]	725	181
COV	[726-726]	726	197
COV	[727-727]	727	201
COV	[728-728]	728	201
COV	[729-729]	729	203
COV	[730-730]	730	210
COV	[731-731]	731	208
COV	[732-732]	732	214
COV	[733-733]	733	204
COV	[734-734]	734	216
COV	[735-735]	735	216
COV	[736-736]	736	188
COV	[737-737]	737	179
COV	[738-738]	738	184
COV	[739-739]	739	199
COV	[740-740]	740	162
COV	[741-741]	741	191
COV	[742-742]	742	195
COV	[743-743]	743	188
COV	[744-744]	744	169
COV	[745-745]	745	162
COV	[746-746]	746	176
COV	[747-747]	747	178
COV	[748-748]	748	179
COV	[749-749]	749	204
COV	[750-750]	750	193
COV	[751-751]	751	189
COV	[752-752]	752	166
COV	[753-753]	753	167
COV	[754-754]	754	219
COV	[755-755]	755	166
COV	[756-756]	756	165
COV	[757-757]	757	178
COV	[758-758]	758	186
COV	[759-759]	759	186
COV	[760-760]	760	208
COV	[761-761]	761	195
COV	[762-762]	762	171
COV	[763-763]	763	173
COV	[764-764]	764	168
COV	[765-765]	765	170
COV	[766-766]	766	150
COV	[767-767]	767	188
COV	[768-768]	768	193
COV	[769-769]	769	163
COV	[770-770]	770	170
COV	[771-771]	771	181
COV	[772-772]	772	178
COV	[773-773]	773	169
COV	[774-774]	774	174
COV	[775-775]	775	176
COV	[776-776]	776	197
COV	[777-777]	777	168
COV	[778-778]	778	187
COV	[779-779]	779	162
COV	[780-780]	780	154
COV	[781-781]	781	183
COV	[782-782]	782	176
COV	[783-783]	783	181
COV	[784-784]	784	166
COV	[785-785]	785	167
COV	[786-786]	786	172
COV	[787-787]	787	190
COV	[788-788]	788	153
COV	[789-789]	789	165
COV	[790-790]	790	174
COV	[791-791]	791	169
COV	[792-792]	792	186
COV	[793-793]	793	156
COV	[794-794]	794	204
COV	[795-795]	795	167
COV	[796-796]	796	195
COV	[797-797]	797	189
COV	[798-798]	798	177
COV	[799-799]	799	183
COV	[800-800]	800	181
COV	[801-801]	801	183
COV	[802-802]	802	194
COV	[803-803]	803	187
COV	[804-804]	804	202
COV	[805-805]	805	180
COV	[806-806]	806	175
COV	[807-807]	807	174
COV	[808-808]	808	159
COV	[809-809]	809	163
COV	[810-810]	810	151
COV	[811-811]	811	162
COV	[812-812]	812	184
COV	[813-813]	813	170
COV	[814-814]	814	174
COV	[815-815]	815	155
COV	[816-816]	816	155
COV	[817-817]	817	150
COV	[818-818]	818	138
COV	[819-819]	819	163
COV	[820-820]	820	171
COV	[821-821]	821	149
COV	[822-822]	822	140
COV	[823-823]	823	157
COV	[824-824]	824	172
COV	[825-825]	825	152
COV	[826-826]	826	154
COV	[827-827]	827	185
COV	[828-828]	828	161
COV	[829-829]	829	149
COV	[830-830]	830	171
COV	[831-831]	831	137
COV	[832-832]	832	162
COV	[833-833]	833	156
COV	[834-834]	834	150
COV	[835-835]	835	152
COV	[836-836]	836	169
COV	[837-837]	837	140
COV	[838-838]	838	154
COV	[839-839]	839	153
COV	[840-840]	840	155
COV	[841-841]	841	205
COV	[842-842]	842	143
COV	[843-843]	843	150
COV	[844-844]	844	167
COV	[845-845]	845	167
COV	[846-846]	846	150
COV	[847-847]	847	148
COV	[848-848]	848	165
COV	[849-849]	849	157
COV	[850-850]	850	137
COV	[851-851]	851	163
COV	[852-852]	852	139
COV	[853-853]	853	153
COV	[854-854]	854	143
COV	[855-855]	855	176
COV	[856-856]	856	153
COV	[857-857]	857	166
COV	[858-858]	858	140
COV	[859-859]	859	136
COV	[860-860]	860	152
COV	[861-861]	861	192
COV	[862-862]	862	149
COV	[863-863]	863	153
COV	[864-864]	864	179
COV	[865-865]	865	155
COV	[866-866]	866	146
COV	[867-867]	867	168
COV	[868-868]	868	158
COV	[869-869]	869	161
COV	[870-870]	870	144
COV	[871-871]	871	166
COV	[872-872]	872	178
COV	[873-873]	873	182
COV	[874-874]	874	189
COV	[875-875]	875	163
COV	[876-876]	876	150
COV	[877-877]	877	201
COV	[878-878]	878	181
COV	[879-879]	879	174
COV	[880-880]	880	181
COV	[881-881]	881	158
COV	[882-882]	882	180
COV	[883-883]	883	187
COV	[884-884]	884	182
COV	[885-885]	885	166
COV	[886-886]	886	138
COV	[887-887]	887	161
COV	[888-888]	888	151
COV	[889-889]	889	171
COV	[890-890]	890	157
COV	[891-891]	891	165
COV	[892-892]	892	175
COV	[893-893]	893	163
COV	[894-894]	894	142
COV	[895-895]	895	143
COV	[896-896]	896	155
COV	[897-897]	897	174
COV	[898-898]	898	165
COV	[899-899]	899	171
COV	[900-900]	900	150
COV	[901-901]	901	155
COV	[902-902]	902	160
COV	[903-903]	903	168
COV	[904-904]	904	163
COV	[905-905]	905	162
COV	[906-906]	906	157
COV	[907-907]	907	157
COV	[908-908]	908	143
COV	[909-909]	909	143
COV	[910-910]	910	163
COV	[911-911]	911	165
COV	[912-912]	912	174
COV	[913-913]	913	168
COV	[914-914]	914	152
COV	[915-915]	915	155
COV	[916-916]	916	159
COV	[917-917]	917	156
COV	[918-918]	918	159
COV	[919-919]	919	157
COV	[920-920]	920	167
COV	[921-921]	921	157
COV	[922-922]	922	144
COV	[923-923]	923	154
COV	[924-924]	924	184
COV	[925-925]	925	169
COV	[926-926]	926	149
COV	[927-927]	927	148
COV	[928-928]	928	156
COV	[929-929]	929	169
COV	[930-930]	930	164
COV	[931-931]	931	174
COV	[932-932]	932	151
COV	[933-933]	933	152
COV	[934-934]	934	148
COV	[935-935]	935	168
COV	[936-936]	936	153
COV	[937-937]	937	169
COV	[938-938]	938	179
COV	[939-939]	939	156
COV	[940-940]	940	138
COV	[941-941]	941	119
COV	[942-942]	942	132
COV	[943-943]	943	161
COV	[944-944]	944	133
COV	[945-945]	945	147
COV	[946-946]	946	170
COV	[947-947]	947	158
COV	[948-948]	948	160
COV	[949-949]	949	177
COV	[950-950]	950	155
COV	[951-951]	951	161
COV	[952-952]	952	154
COV	[953-953]	953	197
COV	[954-954]	954	176
COV	[955-955]	955	166
COV	[956-956]	956	126
COV	[957-957]	957	166
COV	[958-958]	958	138
COV	[959-959]	959	155
COV	[960-960]	960	150
COV	[961-961]	961	161
COV	[962-962]	962	139
COV	[963-963]	963	145
COV	[964-964]	964	148
COV	[965-965]	965	158
COV	[966-966]	966	166
COV	[967-967]	967	143
COV	[968-968]	968	157
COV	[969-969]	969	143
COV	[970-970]	970	165
COV	[971-971]	971	152
COV	[972-972]	972	174
COV	[973-973]	973	173
COV	[974-974]	974	146
COV	[975-975]	975	153
COV	[976-976]	976	147
COV	[977-977]	977	127
COV	[978-978]	978	129
COV	[979-979]	979	133
COV	[980-980]	980	138
COV	[981-981]	981	140
COV	[982-982]	982	142
COV	[983-983]	983	151
COV	[984-984]	984	146
COV	[985-985]	985	153
COV	[986-986]	986	159
COV	[987-987]	987	152
COV	[988-988]	988	176
COV	[989-989]	989	180
COV	[990-990]	990	151
COV	[991-991]	991	152
COV	[992-992]	992	146
COV	[993-993]	993	140
COV	[994-994]	994	118
COV	[995-995]	995	156
COV	[996-996]	996	138
COV	[997-997]	997	140
COV	[998-998]	998	154
COV	[999-999]	999	143
COV	[1000-1000]	1000	128
COV	[1000<]	1000	156620
# GC-depth. Use `grep ^GCD | cut -f 2-` to extract this part. The columns are: GC%, unique sequence percentiles, 10th, 25th, 50th, 75th and 90th depth percentile
GCD	0.0	0.006	0.000	0.000	0.007	0.015	0.015
GCD	11.0	0.007	30.031	30.031	30.031	30.031	30.031
GCD	12.0	0.009	31.387	31.387	31.387	31.387	31.387
GCD	15.0	0.011	40.707	40.707	40.707	40.707	40.707
GCD	17.0	0.015	4.083	4.083	5.900	7.718	7.718
GCD	19.0	0.018	0.961	0.961	7.342	13.723	13.723
GCD	20.0	0.020	22.514	22.514	22.514	22.514	22.514
GCD	22.0	0.022	15.772	15.772	15.772	15.772	15.772
GCD	23.0	0.024	33.525	33.525	33.525	33.525	33.525
GCD	24.0	0.028	0.142	0.142	2.876	5.610	5.610
GCD	26.0	0.029	0.007	0.007	0.007	0.007	0.007
GCD	27.0	0.033	21.121	21.121	21.326	21.531	21.531
GCD	28.0	0.039	0.313	0.313	0.395	9.357	9.357
GCD	29.0	0.044	7.584	7.584	8.031	14.185	14.185
GCD	30.0	0.053	7.331	7.808	10.125	56.184	94.324
GCD	31.0	0.068	0.186	0.477	6.493	11.583	12.516
GCD	32.0	0.086	0.143	1.771	4.876	6.299	7.653
GCD	33.0	0.171	2.158	4.608	4.991	5.513	10.758
GCD	34.0	0.587	4.483	4.781	5.137	5.500	6.170
GCD	35.0	2.086	4.571	4.947	5.290	5.625	5.967
GCD	36.0	5.990	4.813	5.133	5.453	5.804	6.139
GCD	37.0	12.556	4.985	5.312	5.662	6.020	6.339
GCD	38.0	21.648	5.196	5.498	5.863	6.228	6.556
GCD	39.0	31.719	5.327	5.664	6.035	6.407	6.750
GCD	40.0	42.018	5.468	5.833	6.221	6.608	6.981
GCD	41.0	51.444	5.610	5.982	6.392	6.787	7.162
GCD	42.0	59.576	5.662	6.079	6.526	6.943	7.346
GCD	43.0	66.267	5.751	6.213	6.653	7.115	7.562
GCD	44.0	71.781	5.751	6.316	6.809	7.256	7.711
GCD	45.0	76.226	5.662	6.351	6.876	7.402	7.904
GCD	46.0	79.898	5.625	6.422	6.981	7.506	8.091
GCD	47.0	82.904	5.550	6.427	6.988	7.577	8.251
GCD	48.0	85.572	4.728	6.355	7.063	7.726	8.521
GCD	49.0	87.969	5.255	6.459	7.152	7.793	9.147
GCD	50.0	89.901	5.613	6.519	7.167	7.875	9.333
GCD	51.0	91.741	5.342	6.414	7.111	7.770	8.612
GCD	52.0	93.392	5.445	6.444	7.115	7.765	8.673
GCD	53.0	94.838	5.340	6.347	7.055	7.793	8.832
GCD	54.0	95.908	5.530	6.332	7.040	7.750	8.605
GCD	55.0	96.835	4.522	5.990	6.791	7.396	8.158
GCD	56.0	97.574	4.120	5.623	6.630	7.329	8.292
GCD	57.0	98.176	4.528	5.669	6.489	7.420	8.118
GCD	58.0	98.639	3.937	5.358	6.191	6.858	7.814
GCD	59.0	99.014	4.071	5.211	6.061	6.979	7.897
GCD	60.0	99.323	3.481	5.170	6.083	6.709	7.282
GCD	61.0	99.540	3.873	4.617	5.591	6.211	7.441
GCD	62.0	99.698	2.039	3.539	4.850	5.783	6.516
GCD	63.0	99.816	2.451	3.667	5.018	6.010	6.522
GCD	64.0	99.899	1.414	3.129	4.105	5.148	5.969
GCD	65.0	99.941	1.994	2.749	3.852	4.388	5.708
GCD	66.0	99.961	0.709	1.423	2.496	2.816	4.363
GCD	67.0	99.978	0.022	0.711	1.982	2.701	2.771
GCD	68.0	99.989	0.089	0.386	1.483	3.092	4.433
GCD	69.0	99.996	0.127	0.576	2.015	6.137	7.480
GCD	73.0	99.998	0.097	0.097	0.097	0.097	0.097
GCD	76.0	100.000	0.045	0.045	0.045	0.045	0.045
